 4364 tropics_sv1_srf_v4       1  0.0000000E+00
      0.1000000E+02  0.1000000E+02  0.1000000E+02  0.1000000E+02  0.1000000E+02  0.1000000E+02  0.1000000E+02  0.1000000E+02  0.1000000E+02  0.1000000E+02
      0.1000000E+02  0.1000000E+02
 4365 tropics_sv1_srf_v4       2  0.0000000E+00
      0.1000000E+02  0.1000000E+02  0.1000000E+02  0.1000000E+02  0.1000000E+02  0.1000000E+02  0.1000000E+02  0.1000000E+02  0.1000000E+02  0.1000000E+02
      0.1000000E+02  0.1000000E+02
 4366 tropics_sv1_srf_v4       3  0.0000000E+00
      0.1000000E+02  0.1000000E+02  0.1000000E+02  0.1000000E+02  0.1000000E+02  0.1000000E+02  0.1000000E+02  0.1000000E+02  0.1000000E+02  0.1000000E+02
      0.1000000E+02  0.1000000E+02
 4367 tropics_sv1_srf_v4       4  0.0000000E+00
      0.1000000E+02  0.1000000E+02  0.1000000E+02  0.1000000E+02  0.1000000E+02  0.1000000E+02  0.1000000E+02  0.1000000E+02  0.1000000E+02  0.1000000E+02
      0.1000000E+02  0.1000000E+02
 4368 tropics_sv1_srf_v4       5  0.0000000E+00
      0.1000000E+02  0.1000000E+02  0.1000000E+02  0.1000000E+02  0.1000000E+02  0.1000000E+02  0.1000000E+02  0.1000000E+02  0.1000000E+02  0.1000000E+02
      0.1000000E+02  0.1000000E+02
 4369 tropics_sv1_srf_v4       6  0.0000000E+00
      0.1000000E+02  0.1000000E+02  0.1000000E+02  0.1000000E+02  0.1000000E+02  0.1000000E+02  0.1000000E+02  0.1000000E+02  0.1000000E+02  0.1000000E+02
      0.1000000E+02  0.1000000E+02
 4370 tropics_sv1_srf_v4       7  0.0000000E+00
      0.1000000E+02  0.1000000E+02  0.1000000E+02  0.1000000E+02  0.1000000E+02  0.1000000E+02  0.1000000E+02  0.1000000E+02  0.1000000E+02  0.1000000E+02
      0.1000000E+02  0.1000000E+02
 4371 tropics_sv1_srf_v4       8  0.0000000E+00
      0.1000000E+02  0.1000000E+02  0.1000000E+02  0.1000000E+02  0.1000000E+02  0.1000000E+02  0.1000000E+02  0.1000000E+02  0.1000000E+02  0.1000000E+02
      0.1000000E+02  0.1000000E+02
 4372 tropics_sv1_srf_v4       9  0.0000000E+00
      0.1000000E+02  0.1000000E+02  0.1000000E+02  0.1000000E+02  0.1000000E+02  0.1000000E+02  0.1000000E+02  0.1000000E+02  0.1000000E+02  0.1000000E+02
      0.1000000E+02  0.1000000E+02
 4373 tropics_sv1_srf_v4      10  0.0000000E+00
      0.1000000E+02  0.1000000E+02  0.1000000E+02  0.1000000E+02  0.1000000E+02  0.1000000E+02  0.1000000E+02  0.1000000E+02  0.1000000E+02  0.1000000E+02
      0.1000000E+02  0.1000000E+02
 4374 tropics_sv1_srf_v4      11  0.0000000E+00
      0.1000000E+02  0.1000000E+02  0.1000000E+02  0.1000000E+02  0.1000000E+02  0.1000000E+02  0.1000000E+02  0.1000000E+02  0.1000000E+02  0.1000000E+02
      0.1000000E+02  0.1000000E+02
 4375 tropics_sv1_srf_v4      12  0.0000000E+00
      0.1000000E+02  0.1000000E+02  0.1000000E+02  0.1000000E+02  0.1000000E+02  0.1000000E+02  0.1000000E+02  0.1000000E+02  0.1000000E+02  0.1000000E+02
      0.1000000E+02  0.1000000E+02
 4376 tms_tropics-01           1  0.2630000E+04
      0.1563401E-02  0.5233096E+00  0.9514794E+00  0.1456183E-01  0.6540143E-02  0.5233178E+01  0.5233178E+01  0.4804919E+00  0.5084162E-01  0.2734986E-01
      0.1365638E-01  0.5930590E-02
 4377 tms_tropics-01           2  0.2253000E+04
      0.4604720E-03  0.5233096E+00  0.9514794E+00  0.2603047E-03  0.3927628E-03  0.5233178E+01  0.5233178E+01  0.4804919E+00  0.1292022E-01  0.6979213E-02
      0.3548312E-02  0.1595315E-02
 4378 tms_tropics-01           3  0.3088000E+04
      0.1908120E-03  0.5233096E+00  0.9514794E+00  0.3585145E-04  0.8861723E-04  0.5233178E+01  0.5233178E+01  0.4804919E+00  0.5651650E-02  0.3024318E-02
      0.1521029E-02  0.6738464E-03
 4379 tms_tropics-01           4  0.2458000E+04
      0.1019197E-03  0.5233096E+00  0.9514794E+00  0.6133390E-05  0.2471520E-04  0.5233178E+01  0.5233178E+01  0.4804919E+00  0.2955953E-02  0.1589344E-02
      0.8039620E-03  0.3582040E-03
 4380 tms_tropics-01           5  0.3210000E+04
      0.9073770E-04  0.5233096E+00  0.9514794E+00  0.2852622E-05  0.1524807E-04  0.5233178E+01  0.5233178E+01  0.4804919E+00  0.2787822E-02  0.1492021E-02
      0.7489067E-03  0.3289710E-03
 4381 tms_tropics-01           6  0.1728000E+04
      0.1384778E-03  0.5233096E+00  0.9514794E+00  0.3280346E-05  0.2024991E-04  0.5233178E+01  0.5233178E+01  0.4804919E+00  0.5617480E-02  0.2938147E-02
      0.1419242E-02  0.5821967E-03
 4382 tms_tropics-01           7  0.3492000E+04
      0.1760271E-03  0.5233096E+00  0.9514794E+00  0.2857143E-04  0.8176972E-04  0.5233178E+01  0.5233178E+01  0.4804919E+00  0.5641298E-02  0.3011015E-02
      0.1501688E-02  0.6512568E-03
 4383 tms_tropics-01           8  0.1458000E+04
      0.9524370E-03  0.5233096E+00  0.9514794E+00  0.2357046E-04  0.1593208E-03  0.5233178E+01  0.5233178E+01  0.4804919E+00  0.2854957E-01  0.1544175E-01
      0.7805891E-02  0.3451898E-02
 4384 tms_tropics-01           9  0.4629000E+04
      0.4365637E-03  0.5233096E+00  0.9514794E+00  0.2175114E-05  0.2792819E-04  0.5233178E+01  0.5233178E+01  0.4804919E+00  0.1289388E-01  0.6933650E-02
      0.3497768E-02  0.1550672E-02
 4385 tms_tropics-01          10  0.4380000E+04
      0.3504098E-03  0.5233096E+00  0.9514794E+00  0.3769249E-05  0.3616370E-04  0.5233178E+01  0.5233178E+01  0.4804919E+00  0.1023253E-01  0.5499319E-02
      0.2775023E-02  0.1232575E-02
 4386 tms_tropics-01          11  0.5734000E+04
      0.4055148E-03  0.5233096E+00  0.9514794E+00  0.1620705E-04  0.9468073E-04  0.5233178E+01  0.5233178E+01  0.4804919E+00  0.1214852E-01  0.6526976E-02
      0.3289529E-02  0.1455401E-02
 4387 tms_tropics-01          12  0.4223000E+04
      0.7601518E-03  0.5233096E+00  0.9514794E+00  0.1110256E-03  0.3568522E-03  0.5233178E+01  0.5233178E+01  0.4804919E+00  0.2255387E-01  0.1219190E-01
      0.6178121E-02  0.2748952E-02
 4388 tms_tropics-03           1  0.3787000E+04
      0.8962592E-03  0.5233096E+00  0.9514794E+00  0.5087206E-02  0.2690580E-02  0.5233178E+01  0.5233178E+01  0.4804919E+00  0.2923936E-01  0.1532631E-01
      0.7522240E-02  0.3250565E-02
 4389 tms_tropics-03           2  0.3125000E+04
      0.2668448E-03  0.5233096E+00  0.9514794E+00  0.1119320E-03  0.1892492E-03  0.5233178E+01  0.5233178E+01  0.4804919E+00  0.8407189E-02  0.4396651E-02
      0.2164945E-02  0.9437381E-03
 4390 tms_tropics-03           3  0.3918000E+04
      0.1171539E-03  0.5233096E+00  0.9514794E+00  0.1571517E-04  0.4432024E-04  0.5233178E+01  0.5233178E+01  0.4804919E+00  0.3729272E-02  0.1948753E-02
      0.9591484E-03  0.4173557E-03
 4391 tms_tropics-03           4  0.4238000E+04
      0.5097673E-04  0.5233096E+00  0.9514794E+00  0.3576167E-05  0.1290266E-04  0.5233178E+01  0.5233178E+01  0.4804919E+00  0.1565668E-02  0.8201146E-03
      0.4054118E-03  0.1778522E-03
 4392 tms_tropics-03           5  0.4723000E+04
      0.4463278E-04  0.5233096E+00  0.9514794E+00  0.1778786E-05  0.7807464E-05  0.5233178E+01  0.5233178E+01  0.4804919E+00  0.1397032E-02  0.7307580E-03
      0.3603972E-03  0.1573154E-03
 4393 tms_tropics-03           6  0.4923000E+04
      0.4352191E-04  0.5233096E+00  0.9514794E+00  0.1136448E-05  0.5812895E-05  0.5233178E+01  0.5233178E+01  0.4804919E+00  0.1349781E-02  0.7071869E-03
      0.3495664E-03  0.1530770E-03
 4394 tms_tropics-03           7  0.4717000E+04
      0.1013327E-03  0.5233096E+00  0.9514794E+00  0.7377968E-05  0.2763394E-04  0.5233178E+01  0.5233178E+01  0.4804919E+00  0.3191785E-02  0.1672499E-02
      0.8261322E-03  0.3608705E-03
 4395 tms_tropics-03           8  0.4129000E+04
      0.3182522E-03  0.5233096E+00  0.9514794E+00  0.2203241E-04  0.8948829E-04  0.5233178E+01  0.5233178E+01  0.4804919E+00  0.1022121E-01  0.5351249E-02
      0.2635284E-02  0.1145422E-02
 4396 tms_tropics-03           9  0.5664000E+04
      0.2811575E-03  0.5233096E+00  0.9514794E+00  0.1528237E-05  0.1730725E-04  0.5233178E+01  0.5233178E+01  0.4804919E+00  0.8892844E-02  0.4658644E-02
      0.2297770E-02  0.1002177E-02
 4397 tms_tropics-03          10  0.6193000E+04
      0.2048580E-03  0.5233096E+00  0.9514794E+00  0.2565303E-05  0.2181305E-04  0.5233178E+01  0.5233178E+01  0.4804919E+00  0.6533128E-02  0.3418592E-02
      0.1684197E-02  0.7329852E-03
 4398 tms_tropics-03          11  0.7077000E+04
      0.2623992E-03  0.5233096E+00  0.9514794E+00  0.8467140E-05  0.5210766E-04  0.5233178E+01  0.5233178E+01  0.4804919E+00  0.8374228E-02  0.4384762E-02
      0.2160533E-02  0.9400347E-03
 4399 tms_tropics-03          12  0.5647000E+04
      0.4321054E-03  0.5233096E+00  0.9514794E+00  0.5123877E-04  0.1793361E-03  0.5233178E+01  0.5233178E+01  0.4804919E+00  0.1425137E-01  0.7462711E-02
      0.3668580E-02  0.1585915E-02
 4400 tms_tropics-05           1  0.4951000E+04
      0.8943015E-03  0.5233096E+00  0.9514794E+00  0.5359408E-02  0.2733961E-02  0.5233178E+01  0.5233178E+01  0.4804919E+00  0.2998460E-01  0.1577891E-01
      0.7764431E-02  0.3345811E-02
 4401 tms_tropics-05           2  0.0000000E+00
      0.5233096E+00  0.5233096E+00  0.9514794E+00  0.5233178E+01  0.9514794E+00  0.5233178E+01  0.5233178E+01  0.4804919E+00  0.5233178E+01  0.1000000E+02
      0.1000000E+02  0.5233178E+01
 4402 tms_tropics-05           3  0.5468000E+04
      0.1137299E-03  0.5233096E+00  0.9514794E+00  0.1499695E-04  0.4266820E-04  0.5233178E+01  0.5233178E+01  0.4804919E+00  0.3592133E-02  0.1885200E-02
      0.9316482E-03  0.4066370E-03
 4403 tms_tropics-05           4  0.2933000E+04
      0.1016274E-03  0.5233096E+00  0.9514794E+00  0.5936961E-05  0.2413574E-04  0.5233178E+01  0.5233178E+01  0.4804919E+00  0.3309481E-02  0.1731353E-02
      0.8513799E-03  0.3685673E-03
 4404 tms_tropics-05           5  0.4491000E+04
      0.6200985E-04  0.5233096E+00  0.9514794E+00  0.1976435E-05  0.9905576E-05  0.5233178E+01  0.5233178E+01  0.4804919E+00  0.2091555E-02  0.1086630E-02
      0.5299255E-03  0.2270574E-03
 4405 tms_tropics-05           6  0.4093000E+04
      0.6228986E-04  0.5233096E+00  0.9514794E+00  0.1350108E-05  0.7732022E-05  0.5233178E+01  0.5233178E+01  0.4804919E+00  0.2382069E-02  0.1228217E-02
      0.5908079E-03  0.2460131E-03
 4406 tms_tropics-05           7  0.3955000E+04
      0.1500876E-03  0.5233096E+00  0.9514794E+00  0.1122464E-04  0.4180246E-04  0.5233178E+01  0.5233178E+01  0.4804919E+00  0.5596764E-02  0.2895691E-02
      0.1398502E-02  0.5859899E-03
 4407 tms_tropics-05           8  0.3693000E+04
      0.4328597E-03  0.5233096E+00  0.9514794E+00  0.1866024E-04  0.9307853E-04  0.5233178E+01  0.5233178E+01  0.4804919E+00  0.1730604E-01  0.8958834E-02
      0.4307346E-02  0.1780832E-02
 4408 tms_tropics-05           9  0.7843000E+04
      0.2683754E-03  0.5233096E+00  0.9514794E+00  0.1441652E-05  0.1646775E-04  0.5233178E+01  0.5233178E+01  0.4804919E+00  0.8621002E-02  0.4519419E-02
      0.2227109E-02  0.9675718E-03
 4409 tms_tropics-05          10  0.7981000E+04
      0.2087485E-03  0.5233096E+00  0.9514794E+00  0.2556281E-05  0.2211106E-04  0.5233178E+01  0.5233178E+01  0.4804919E+00  0.6718661E-02  0.3519552E-02
      0.1733675E-02  0.7528418E-03
 4410 tms_tropics-05          11  0.9211000E+04
      0.2579047E-03  0.5233096E+00  0.9514794E+00  0.8262192E-05  0.5117892E-04  0.5233178E+01  0.5233178E+01  0.4804919E+00  0.8385054E-02  0.4390809E-02
      0.2159844E-02  0.9353069E-03
 4411 tms_tropics-05          12  0.7722000E+04
      0.4249087E-03  0.5233096E+00  0.9514794E+00  0.4827746E-04  0.1706738E-03  0.5233178E+01  0.5233178E+01  0.4804919E+00  0.1403161E-01  0.7358480E-02
      0.3620288E-02  0.1565090E-02
 4412 tms_tropics-06           1  0.4830000E+04
      0.8531363E-03  0.5233096E+00  0.9514794E+00  0.4860797E-02  0.2547582E-02  0.5233178E+01  0.5233178E+01  0.4804919E+00  0.2739414E-01  0.1447280E-01
      0.7160127E-02  0.3111785E-02
 4413 tms_tropics-06           2  0.4232000E+04
      0.2381087E-03  0.5233096E+00  0.9514794E+00  0.9484465E-04  0.1636899E-03  0.5233178E+01  0.5233178E+01  0.4804919E+00  0.7333243E-02  0.3865038E-02
      0.1918653E-02  0.8418369E-03
 4414 tms_tropics-06           3  0.5465000E+04
      0.1046269E-03  0.5233096E+00  0.9514794E+00  0.1381261E-04  0.3917153E-04  0.5233178E+01  0.5233178E+01  0.4804919E+00  0.3268050E-02  0.1717250E-02
      0.8496771E-03  0.3711491E-03
 4415 tms_tropics-06           4  0.4060000E+04
      0.5877951E-04  0.5233096E+00  0.9514794E+00  0.3889164E-05  0.1451657E-04  0.5233178E+01  0.5233178E+01  0.4804919E+00  0.1919221E-02  0.1005548E-02
      0.4951764E-03  0.2141870E-03
 4416 tms_tropics-06           5  0.5260000E+04
      0.4737363E-04  0.5233096E+00  0.9514794E+00  0.1714123E-05  0.7942693E-05  0.5233178E+01  0.5233178E+01  0.4804919E+00  0.1542707E-02  0.8074924E-03
      0.3973923E-03  0.1719669E-03
 4417 tms_tropics-06           6  0.4726000E+04
      0.5325692E-04  0.5233096E+00  0.9514794E+00  0.1233978E-05  0.6795792E-05  0.5233178E+01  0.5233178E+01  0.4804919E+00  0.1674432E-02  0.8789939E-03
      0.4345145E-03  0.1896053E-03
 4418 tms_tropics-06           7  0.5464000E+04
      0.1016432E-03  0.5233096E+00  0.9514794E+00  0.7199444E-05  0.2729250E-04  0.5233178E+01  0.5233178E+01  0.4804919E+00  0.3244251E-02  0.1705398E-02
      0.8434461E-03  0.3671855E-03
 4419 tms_tropics-06           8  0.5411000E+04
      0.2864664E-03  0.5233096E+00  0.9514794E+00  0.2215968E-04  0.8508827E-04  0.5233178E+01  0.5233178E+01  0.4804919E+00  0.9255762E-02  0.4862075E-02
      0.2400069E-02  0.1042487E-02
 4420 tms_tropics-06           9  0.7460000E+04
      0.2655293E-03  0.5233096E+00  0.9514794E+00  0.1533095E-05  0.1688524E-04  0.5233178E+01  0.5233178E+01  0.4804919E+00  0.8389362E-02  0.4410409E-02
      0.2180549E-02  0.9508416E-03
 4421 tms_tropics-06          10  0.7724000E+04
      0.2017521E-03  0.5233096E+00  0.9514794E+00  0.2712609E-05  0.2245225E-04  0.5233178E+01  0.5233178E+01  0.4804919E+00  0.6417347E-02  0.3371893E-02
      0.1666303E-02  0.7256775E-03
 4422 tms_tropics-06          11  0.8566000E+04
      0.2597680E-03  0.5233096E+00  0.9514794E+00  0.8750250E-05  0.5302980E-04  0.5233178E+01  0.5233178E+01  0.4804919E+00  0.8256748E-02  0.4339998E-02
      0.2144855E-02  0.9341731E-03
 4423 tms_tropics-06          12  0.7296000E+04
      0.4151505E-03  0.5233096E+00  0.9514794E+00  0.4888135E-04  0.1709969E-03  0.5233178E+01  0.5233178E+01  0.4804919E+00  0.1355669E-01  0.7127929E-02
      0.3517080E-02  0.1524446E-02
 4424 tms_tropics-07           1  0.0000000E+00
      0.5233096E+00  0.5233096E+00  0.9514794E+00  0.5233178E+01  0.9514794E+00  0.5233178E+01  0.5233178E+01  0.4804919E+00  0.5233178E+01  0.1000000E+02
      0.1000000E+02  0.5233178E+01
 4425 tms_tropics-07           2  0.0000000E+00
      0.5233096E+00  0.5233096E+00  0.9514794E+00  0.5233178E+01  0.9514794E+00  0.5233178E+01  0.5233178E+01  0.4804919E+00  0.5233178E+01  0.1000000E+02
      0.1000000E+02  0.5233178E+01
 4426 tms_tropics-07           3  0.0000000E+00
      0.5233096E+00  0.5233096E+00  0.9514794E+00  0.5233178E+01  0.9514794E+00  0.5233178E+01  0.5233178E+01  0.4804919E+00  0.5233178E+01  0.1000000E+02
      0.1000000E+02  0.5233178E+01
 4427 tms_tropics-07           4  0.0000000E+00
      0.5233096E+00  0.5233096E+00  0.9514794E+00  0.5233178E+01  0.9514794E+00  0.5233178E+01  0.5233178E+01  0.4804919E+00  0.5233178E+01  0.1000000E+02
      0.1000000E+02  0.5233178E+01
 4428 tms_tropics-07           5  0.0000000E+00
      0.5233096E+00  0.5233096E+00  0.9514794E+00  0.5233178E+01  0.9514794E+00  0.5233178E+01  0.5233178E+01  0.4804919E+00  0.5233178E+01  0.1000000E+02
      0.1000000E+02  0.5233178E+01
 4429 tms_tropics-07           6  0.0000000E+00
      0.5233096E+00  0.5233096E+00  0.9514794E+00  0.5233178E+01  0.9514794E+00  0.5233178E+01  0.5233178E+01  0.4804919E+00  0.5233178E+01  0.1000000E+02
      0.1000000E+02  0.5233178E+01
 4430 tms_tropics-07           7  0.0000000E+00
      0.5233096E+00  0.5233096E+00  0.9514794E+00  0.5233178E+01  0.9514794E+00  0.5233178E+01  0.5233178E+01  0.4804919E+00  0.5233178E+01  0.1000000E+02
      0.1000000E+02  0.5233178E+01
 4431 tms_tropics-07           8  0.0000000E+00
      0.5233096E+00  0.5233096E+00  0.9514794E+00  0.5233178E+01  0.9514794E+00  0.5233178E+01  0.5233178E+01  0.4804919E+00  0.5233178E+01  0.1000000E+02
      0.1000000E+02  0.5233178E+01
 4432 tms_tropics-07           9  0.0000000E+00
      0.5233096E+00  0.5233096E+00  0.9514794E+00  0.5233178E+01  0.9514794E+00  0.5233178E+01  0.5233178E+01  0.4804919E+00  0.5233178E+01  0.1000000E+02
      0.1000000E+02  0.5233178E+01
 4433 tms_tropics-07          10  0.0000000E+00
      0.5233096E+00  0.5233096E+00  0.9514794E+00  0.5233178E+01  0.9514794E+00  0.5233178E+01  0.5233178E+01  0.4804919E+00  0.5233178E+01  0.1000000E+02
      0.1000000E+02  0.5233178E+01
 4434 tms_tropics-07          11  0.0000000E+00
      0.5233096E+00  0.5233096E+00  0.9514794E+00  0.5233178E+01  0.9514794E+00  0.5233178E+01  0.5233178E+01  0.4804919E+00  0.5233178E+01  0.1000000E+02
      0.1000000E+02  0.5233178E+01
 4435 tms_tropics-07          12  0.0000000E+00
      0.5233096E+00  0.5233096E+00  0.9514794E+00  0.5233178E+01  0.9514794E+00  0.5233178E+01  0.5233178E+01  0.4804919E+00  0.5233178E+01  0.1000000E+02
      0.1000000E+02  0.5233178E+01
