4364 tropics_sv1_srf_v4       1   0.000000E+00   0.000000E+00     0
        0.000000    0.000000    0.000000    0.000000    0.000000    0.000000    0.000000    0.000000    0.000000    0.000000
        0.000000    0.000000
 4365 tropics_sv1_srf_v4       2   0.000000E+00   0.000000E+00     0
        0.000000    0.000000    0.000000    0.000000    0.000000    0.000000    0.000000    0.000000    0.000000    0.000000
        0.000000    0.000000
 4366 tropics_sv1_srf_v4       3   0.000000E+00   0.000000E+00     0
        0.000000    0.000000    0.000000    0.000000    0.000000    0.000000    0.000000    0.000000    0.000000    0.000000
        0.000000    0.000000
 4367 tropics_sv1_srf_v4       4   0.000000E+00   0.000000E+00     0
        0.000000    0.000000    0.000000    0.000000    0.000000    0.000000    0.000000    0.000000    0.000000    0.000000
        0.000000    0.000000
 4368 tropics_sv1_srf_v4       5   0.000000E+00   0.000000E+00     0
        0.000000    0.000000    0.000000    0.000000    0.000000    0.000000    0.000000    0.000000    0.000000    0.000000
        0.000000    0.000000
 4369 tropics_sv1_srf_v4       6   0.000000E+00   0.000000E+00     0
        0.000000    0.000000    0.000000    0.000000    0.000000    0.000000    0.000000    0.000000    0.000000    0.000000
        0.000000    0.000000
 4370 tropics_sv1_srf_v4       7   0.000000E+00   0.000000E+00     0
        0.000000    0.000000    0.000000    0.000000    0.000000    0.000000    0.000000    0.000000    0.000000    0.000000
        0.000000    0.000000
 4371 tropics_sv1_srf_v4       8   0.000000E+00   0.000000E+00     0
        0.000000    0.000000    0.000000    0.000000    0.000000    0.000000    0.000000    0.000000    0.000000    0.000000
        0.000000    0.000000
 4372 tropics_sv1_srf_v4       9   0.000000E+00   0.000000E+00     0
        0.000000    0.000000    0.000000    0.000000    0.000000    0.000000    0.000000    0.000000    0.000000    0.000000
        0.000000    0.000000
 4373 tropics_sv1_srf_v4      10   0.000000E+00   0.000000E+00     0
        0.000000    0.000000    0.000000    0.000000    0.000000    0.000000    0.000000    0.000000    0.000000    0.000000
        0.000000    0.000000
 4374 tropics_sv1_srf_v4      11   0.000000E+00   0.000000E+00     0
        0.000000    0.000000    0.000000    0.000000    0.000000    0.000000    0.000000    0.000000    0.000000    0.000000
        0.000000    0.000000
 4375 tropics_sv1_srf_v4      12   0.000000E+00   0.000000E+00     0
        0.000000    0.000000    0.000000    0.000000    0.000000    0.000000    0.000000    0.000000    0.000000    0.000000
        0.000000    0.000000
 4376 tms_tropics-01           1  -0.100000E-05   0.100000E+01   101
       -0.108374    0.000000   -0.000001   -3.140341   -1.226688    0.000000    0.000000    0.000000   -1.215343    0.230279
       -1.688172    0.249359
 4377 tms_tropics-01           2  -0.100000E-05   0.100000E+01   101
       -0.404677    0.000000   -0.000001   -0.448149   -0.383914    0.000000    0.000000    0.000000   -0.389051    0.064922
       -1.270948    0.113844
 4378 tms_tropics-01           3  -0.100000E-05   0.100000E+01   101
       -0.328238    0.000000   -0.000001   -0.209340   -0.226293    0.000000    0.000000    0.000000    0.165633    0.065559
       -0.649283    0.032239
 4379 tms_tropics-01           4  -0.100000E-05   0.100000E+01   101
       -0.228036    0.000000   -0.000001   -0.083675   -0.105077    0.000000    0.000000    0.000000    0.290759    0.053850
       -0.305435    0.069352
 4380 tms_tropics-01           5  -0.100000E-05   0.100000E+01   101
        0.230654    0.000000   -0.000001   -0.001446    0.093442    0.000000    0.000000    0.000000    0.971913   -0.129219
        1.021972   -0.042009
 4381 tms_tropics-01           6  -0.100000E-05   0.100000E+01   101
        0.154963    0.000000   -0.000001    0.001060    0.066827    0.000000    0.000000    0.000000    0.122992    0.081283
        0.099071    0.084401
 4382 tms_tropics-01           7  -0.100000E-05   0.100000E+01   101
       -0.046923    0.000000   -0.000001   -0.046653   -0.016736    0.000000    0.000000    0.000000   -1.349669    0.099855
       -1.735790    0.091007
 4383 tms_tropics-01           8  -0.100000E-05   0.100000E+01   101
        0.040100    0.000000   -0.000001   -0.039926    0.067414    0.000000    0.000000    0.000000    0.528848    0.092562
       -0.261881    0.030039
 4384 tms_tropics-01           9  -0.100000E-05   0.100000E+01   101
       -0.078497    0.000000   -0.000001   -0.058276   -0.035522    0.000000    0.000000    0.000000   -0.520177   -0.032096
       -0.450633   -0.026882
 4385 tms_tropics-01          10  -0.100000E-05   0.100000E+01   101
        0.179664    0.000000   -0.000001   -0.056430    0.034755    0.000000    0.000000    0.000000   -0.722765   -0.139945
       -0.172728    0.068354
 4386 tms_tropics-01          11  -0.100000E-05   0.100000E+01   101
       -0.378101    0.000000   -0.000001    0.104788   -0.032067    0.000000    0.000000    0.000000   -0.144878   -0.204870
       -0.319421    0.006958
 4387 tms_tropics-01          12  -0.100000E-05   0.100000E+01   101
        0.252585    0.000000   -0.000001   -0.170810   -0.176936    0.000000    0.000000    0.000000    0.341691   -0.069978
        1.443079   -0.127347
 4388 tms_tropics-03           1  -0.100000E-05   0.100000E+01   101
       -0.310072    0.000000   -0.000001   -2.290803   -0.828388    0.000000    0.000000    0.000000   -2.096915   -0.766725
       -3.915053   -0.145762
 4389 tms_tropics-03           2  -0.100000E-05   0.100000E+01   101
       -0.239145    0.000000   -0.000001   -0.498589   -0.297345    0.000000    0.000000    0.000000   -0.246417   -0.418227
       -1.287984   -0.210504
 4390 tms_tropics-03           3  -0.100000E-05   0.100000E+01   101
       -0.163855    0.000000   -0.000001   -0.249846   -0.150998    0.000000    0.000000    0.000000    0.713200    0.189241
       -0.163788   -0.025537
 4391 tms_tropics-03           4  -0.100000E-05   0.100000E+01   101
       -0.200008    0.000000   -0.000001   -0.021249   -0.070924    0.000000    0.000000    0.000000    0.215661    0.827312
        0.074423    0.125779
 4392 tms_tropics-03           5  -0.100000E-05   0.100000E+01   101
       -0.081671    0.000000   -0.000001   -0.027411   -0.016918    0.000000    0.000000    0.000000   -0.174312    1.188845
       -0.443490    0.252709
 4393 tms_tropics-03           6  -0.100000E-05   0.100000E+01   101
       -0.131799    0.000000   -0.000001    0.051184    0.023438    0.000000    0.000000    0.000000   -0.144594    1.258965
       -0.246709    0.709400
 4394 tms_tropics-03           7  -0.100000E-05   0.100000E+01   101
       -0.042243    0.000000   -0.000001    0.098261    0.067418    0.000000    0.000000    0.000000   -0.017920    0.617583
        0.027036    0.427094
 4395 tms_tropics-03           8  -0.100000E-05   0.100000E+01   101
        0.014938    0.000000   -0.000001    0.065773   -0.015204    0.000000    0.000000    0.000000   -0.308460   -0.215086
       -0.216600   -0.051471
 4396 tms_tropics-03           9  -0.100000E-05   0.100000E+01   101
       -0.965136    0.000000   -0.000001    0.007715   -0.242854    0.000000    0.000000    0.000000   -0.027000    0.644570
       -1.565523    0.346458
 4397 tms_tropics-03          10  -0.100000E-05   0.100000E+01   101
       -0.568597    0.000000   -0.000001    0.073870   -0.118180    0.000000    0.000000    0.000000   -0.118411    0.480923
       -0.695452    0.289484
 4398 tms_tropics-03          11  -0.100000E-05   0.100000E+01   101
       -0.550608    0.000000   -0.000001    0.172523   -0.064540    0.000000    0.000000    0.000000    0.239847    0.296671
       -0.996506    0.362024
 4399 tms_tropics-03          12  -0.100000E-05   0.100000E+01   101
        0.435884    0.000000   -0.000001   -0.441516   -0.166128    0.000000    0.000000    0.000000    0.494786    0.545268
        1.358798    0.021901
 4400 tms_tropics-05           1  -0.100000E-05   0.100000E+01   101
       -0.432517    0.000000   -0.000001   -1.651751   -0.796967    0.000000    0.000000    0.000000   -1.167164   -0.717981
       -3.949143    0.201219
 4401 tms_tropics-05           2  -0.100000E-05   0.100000E+01   101
        0.000000    0.000000   -0.000001   -0.000010   -0.001000    0.000000    0.000000    0.000000   -0.000045    0.000000
       -0.000001    0.000000
 4402 tms_tropics-05           3  -0.100000E-05   0.100000E+01   101
       -0.250412    0.000000   -0.000001   -0.217976   -0.145676    0.000000    0.000000    0.000000    1.012466    0.128486
       -0.716435    0.077649
 4403 tms_tropics-05           4  -0.100000E-05   0.100000E+01   101
       -0.170799    0.000000   -0.000001    0.024528   -0.042445    0.000000    0.000000    0.000000   -0.150883    0.743618
       -0.612762    0.032926
 4404 tms_tropics-05           5  -0.100000E-05   0.100000E+01   101
        0.104341    0.000000   -0.000001    0.004155   -0.070897    0.000000    0.000000    0.000000    0.526408    1.219497
       -0.429278    0.082051
 4405 tms_tropics-05           6  -0.100000E-05   0.100000E+01   101
        0.382828    0.000000   -0.000001   -0.037439    0.022760    0.000000    0.000000    0.000000    0.322396   -0.110085
       -0.350881    0.540210
 4406 tms_tropics-05           7  -0.100000E-05   0.100000E+01   101
        0.480975    0.000000   -0.000001   -0.076996    0.083733    0.000000    0.000000    0.000000   -0.052903    0.223880
       -0.586067    0.172574
 4407 tms_tropics-05           8  -0.100000E-05   0.100000E+01   101
        0.051160    0.000000   -0.000001   -0.039510    0.005854    0.000000    0.000000    0.000000    0.595348    0.012375
       -0.374279    0.018551
 4408 tms_tropics-05           9  -0.100000E-05   0.100000E+01   101
       -1.272249    0.000000   -0.000001    0.079004   -0.455953    0.000000    0.000000    0.000000    1.021406   -0.020490
       -0.991977    0.378868
 4409 tms_tropics-05          10  -0.100000E-05   0.100000E+01   101
       -0.538830    0.000000   -0.000001    0.082046   -0.178826    0.000000    0.000000    0.000000    0.289716    0.487972
       -0.237014    0.001410
 4410 tms_tropics-05          11  -0.100000E-05   0.100000E+01   101
       -0.659475    0.000000   -0.000001    0.216028   -0.190382    0.000000    0.000000    0.000000    0.780585    0.478335
       -1.071752   -0.021542
 4411 tms_tropics-05          12  -0.100000E-05   0.100000E+01   101
        0.637099    0.000000   -0.000001   -0.163100   -0.551081    0.000000    0.000000    0.000000    0.886037    0.189867
        0.082810   -0.039589
 4412 tms_tropics-06           1  -0.100000E-05   0.100000E+01   101
       -0.448885    0.000000   -0.000001   -2.417087   -1.030716    0.000000    0.000000    0.000000   -1.648924   -0.072274
       -4.070017    0.309777
 4413 tms_tropics-06           2  -0.100000E-05   0.100000E+01   101
       -0.344591    0.000000   -0.000001   -0.505594   -0.346119    0.000000    0.000000    0.000000    0.179234    0.257680
       -1.386595    0.254955
 4414 tms_tropics-06           3  -0.100000E-05   0.100000E+01   101
       -0.250770    0.000000   -0.000001   -0.194070   -0.185701    0.000000    0.000000    0.000000    0.714226    0.157104
       -0.184771   -0.049873
 4415 tms_tropics-06           4  -0.100000E-05   0.100000E+01   101
        0.027386    0.000000   -0.000001   -0.154609   -0.021084    0.000000    0.000000    0.000000    0.619926    0.033221
        0.329037    0.015918
 4416 tms_tropics-06           5  -0.100000E-05   0.100000E+01   101
        0.090246    0.000000   -0.000001   -0.046427    0.076518    0.000000    0.000000    0.000000    0.503988    0.131655
        0.444535    0.006363
 4417 tms_tropics-06           6  -0.100000E-05   0.100000E+01   101
        0.174106    0.000000   -0.000001   -0.007000    0.137339    0.000000    0.000000    0.000000   -0.016292   -0.187851
        0.136895    0.055711
 4418 tms_tropics-06           7  -0.100000E-05   0.100000E+01   101
       -0.036854    0.000000   -0.000001    0.095180    0.045361    0.000000    0.000000    0.000000    0.052914   -0.122523
        0.186982    0.014532
 4419 tms_tropics-06           8  -0.100000E-05   0.100000E+01   101
       -0.019429    0.000000   -0.000001    0.020069   -0.011685    0.000000    0.000000    0.000000   -0.291545    0.049656
       -0.249530    0.165135
 4420 tms_tropics-06           9  -0.100000E-05   0.100000E+01   101
       -0.953005    0.000000   -0.000001    0.026398   -0.268257    0.000000    0.000000    0.000000    0.787784   -0.595159
       -0.976711    0.057926
 4421 tms_tropics-06          10  -0.100000E-05   0.100000E+01   101
       -0.258143    0.000000   -0.000001    0.033385   -0.100374    0.000000    0.000000    0.000000    0.239968   -0.427529
       -0.114883    0.177346
 4422 tms_tropics-06          11  -0.100000E-05   0.100000E+01   101
       -0.439629    0.000000   -0.000001    0.151114   -0.107092    0.000000    0.000000    0.000000    0.557757   -0.362683
        0.095421    0.125067
 4423 tms_tropics-06          12  -0.100000E-05   0.100000E+01   101
        0.572977    0.000000   -0.000001   -0.418474   -0.191947    0.000000    0.000000    0.000000    0.721883   -0.285890
        2.547655   -0.090632
 4424 tms_tropics-07           1  -0.100000E-05   0.100000E+01   101
        0.000000    0.000000   -0.000001   -0.000010   -0.001000    0.000000    0.000000    0.000000   -0.000045    0.000000
       -0.000001    0.000000
 4425 tms_tropics-07           2  -0.100000E-05   0.100000E+01   101
        0.000000    0.000000   -0.000001   -0.000010   -0.001000    0.000000    0.000000    0.000000   -0.000045    0.000000
       -0.000001    0.000000
 4426 tms_tropics-07           3  -0.100000E-05   0.100000E+01   101
        0.000000    0.000000   -0.000001   -0.000010   -0.001000    0.000000    0.000000    0.000000   -0.000045    0.000000
       -0.000001    0.000000
 4427 tms_tropics-07           4  -0.100000E-05   0.100000E+01   101
        0.000000    0.000000   -0.000001   -0.000010   -0.001000    0.000000    0.000000    0.000000   -0.000045    0.000000
       -0.000001    0.000000
 4428 tms_tropics-07           5  -0.100000E-05   0.100000E+01   101
        0.000000    0.000000   -0.000001   -0.000010   -0.001000    0.000000    0.000000    0.000000   -0.000045    0.000000
       -0.000001    0.000000
 4429 tms_tropics-07           6  -0.100000E-05   0.100000E+01   101
        0.000000    0.000000   -0.000001   -0.000010   -0.001000    0.000000    0.000000    0.000000   -0.000045    0.000000
       -0.000001    0.000000
 4430 tms_tropics-07           7  -0.100000E-05   0.100000E+01   101
        0.000000    0.000000   -0.000001   -0.000010   -0.001000    0.000000    0.000000    0.000000   -0.000045    0.000000
       -0.000001    0.000000
 4431 tms_tropics-07           8  -0.100000E-05   0.100000E+01   101
        0.000000    0.000000   -0.000001   -0.000010   -0.001000    0.000000    0.000000    0.000000   -0.000045    0.000000
       -0.000001    0.000000
 4432 tms_tropics-07           9  -0.100000E-05   0.100000E+01   101
        0.000000    0.000000   -0.000001   -0.000010   -0.001000    0.000000    0.000000    0.000000   -0.000045    0.000000
       -0.000001    0.000000
 4433 tms_tropics-07          10  -0.100000E-05   0.100000E+01   101
        0.000000    0.000000   -0.000001   -0.000010   -0.001000    0.000000    0.000000    0.000000   -0.000045    0.000000
       -0.000001    0.000000
 4434 tms_tropics-07          11  -0.100000E-05   0.100000E+01   101
        0.000000    0.000000   -0.000001   -0.000010   -0.001000    0.000000    0.000000    0.000000   -0.000045    0.000000
       -0.000001    0.000000
 4435 tms_tropics-07          12  -0.100000E-05   0.100000E+01   101
        0.000000    0.000000   -0.000001   -0.000010   -0.001000    0.000000    0.000000    0.000000   -0.000045    0.000000
       -0.000001    0.000000
