!sensor/instr/sat      chan iuse  error  error_cld  ermax   var_b    var_pg  icld_det icloud iaerosol
 atms_npp                1   1    4.500   20.000    4.500   10.000    0.000     -2     -1     -1
 atms_npp                2   1    4.500   25.000    4.500   10.000    0.000     -2     -1     -1
 atms_npp                3   1    4.500   12.000    3.000   10.000    0.000     -2     -1     -1
 atms_npp                4   1    2.500    7.000    3.000   10.000    0.000     -2     -1     -1
 atms_npp                5   1    0.550    3.500    1.000   10.000    0.000     -2     -1     -1
 atms_npp                6   1    0.300    3.000    1.000   10.000    0.000     -2     -1     -1
 atms_npp                7   1    0.300    0.800    1.000   10.000    0.000     -2     -1     -1
 atms_npp                8   1    0.400    0.400    1.000   10.000    0.000     -2     -1     -1
 atms_npp                9   1    0.400    0.400    1.000   10.000    0.000     -2     -1     -1
 atms_npp               10   1    0.400    0.400    1.000   10.000    0.000     -2     -1     -1
 atms_npp               11   1    0.450    0.450    1.000   10.000    0.000     -2     -1     -1
 atms_npp               12   1    0.450    0.450    1.000   10.000    0.000     -2     -1     -1
 atms_npp               13  -1    0.550    0.550    1.000   10.000    0.000     -2     -1     -1
 atms_npp               14  -1    0.800    0.800    2.000   10.000    0.000     -2     -1     -1
 atms_npp               15  -1    3.000    3.000    4.500   10.000    0.000     -2     -1     -1
 atms_npp               16   1    4.000   19.000    4.500   10.000    0.000     -2     -1     -1
 atms_npp               17   1    4.000   30.000    2.000   10.000    0.000     -2     -1     -1
 atms_npp               18   1    3.500   25.000    2.000   10.000    0.000     -2     -1     -1
 atms_npp               19   1    3.000   16.500    2.000   10.000    0.000     -2     -1     -1
 atms_npp               20   1    3.000   12.000    2.000   10.000    0.000     -2     -1     -1
 atms_npp               21   1    3.000    9.000    2.000   10.000    0.000     -2     -1     -1
 atms_npp               22   1    3.000    6.500    2.000   10.000    0.000     -2     -1     -1
 atms_n20                1   1    4.500   20.000    4.500   10.000    0.000     -2      1     -1
 atms_n20                2   1    4.500   25.000    4.500   10.000    0.000     -2      1     -1
 atms_n20                3   1    4.500   12.000    3.000   10.000    0.000     -2      1     -1
 atms_n20                4   1    2.500    7.000    3.000   10.000    0.000     -2      1     -1
 atms_n20                5   1    0.550    3.500    1.000   10.000    0.000     -2      1     -1
 atms_n20                6   1    0.300    3.000    1.000   10.000    0.000     -2      1     -1
 atms_n20                7   1    0.300    0.800    1.000   10.000    0.000     -2      1     -1
 atms_n20                8   1    0.400    0.400    1.000   10.000    0.000     -2      1     -1
 atms_n20                9   1    0.400    0.400    1.000   10.000    0.000     -2      1     -1
 atms_n20               10   1    0.400    0.400    1.000   10.000    0.000     -2      1     -1
 atms_n20               11   1    0.450    0.450    1.000   10.000    0.000     -2      1     -1
 atms_n20               12   1    0.450    0.450    1.000   10.000    0.000     -2      1     -1
 atms_n20               13  -1    0.550    0.550    1.000   10.000    0.000     -2      1     -1
 atms_n20               14  -1    0.800    0.800    2.000   10.000    0.000     -2      1     -1
 atms_n20               15  -1    4.000    4.000    4.500   10.000    0.000     -2      1     -1
 atms_n20               16   1    4.000   19.000    4.500   10.000    0.000     -2      1     -1
 atms_n20               17   1    4.000   30.000    2.000   10.000    0.000     -2      1     -1
 atms_n20               18   1    3.500   25.000    2.000   10.000    0.000     -2      1     -1
 atms_n20               19   1    3.000   16.500    2.000   10.000    0.000     -2      1     -1
 atms_n20               20   1    3.000   12.000    2.000   10.000    0.000     -2      1     -1
 atms_n20               21   1    3.000    9.000    2.000   10.000    0.000     -2      1     -1
 atms_n20               22   1    3.000    6.500    2.000   10.000    0.000     -2      1     -1
 amsua_n18               1   1    2.500   20.000    4.500   10.000    0.000     -2     -1     -1
 amsua_n18               2   1    2.200   18.000    4.500   10.000    0.000     -2     -1     -1
 amsua_n18               3   1    2.000   12.000    4.500   10.000    0.000     -2     -1     -1
 amsua_n18               4   1    0.550    3.000    2.500   10.000    0.000     -2     -1     -1
 amsua_n18               5  -1    0.300    0.500    2.000   10.000    0.000     -2     -1     -1
 amsua_n18               6   1    0.230    0.300    2.000   10.000    0.000     -2     -1     -1
 amsua_n18               7   1    0.230    0.230    2.000   10.000    0.000     -2     -1     -1
 amsua_n18               8  -1    0.250    0.250    2.000   10.000    0.000     -2     -1     -1
 amsua_n18               9  -1    0.250    0.250    2.000   10.000    0.000     -2     -1     -1
 amsua_n18              10   1    0.350    0.350    2.000   10.000    0.000     -2     -1     -1
 amsua_n18              11   1    0.400    0.400    2.500   10.000    0.000     -2     -1     -1
 amsua_n18              12  -1    0.550    0.550    3.500   10.000    0.000     -2     -1     -1
 amsua_n18              13  -1    0.800    0.800    4.500   10.000    0.000     -2     -1     -1
 amsua_n18              14  -1    3.000    3.000    4.500   10.000    0.000     -2     -1     -1
 amsua_n18              15   1    3.500   18.000    4.500   10.000    0.000     -2     -1     -1
 amsua_n19               1   1    2.500   20.000    4.500   10.000    0.000     -2      1     -1
 amsua_n19               2   1    2.200   18.000    4.500   10.000    0.000     -2      1     -1
 amsua_n19               3   1    2.000   12.000    4.500   10.000    0.000     -2      1     -1
 amsua_n19               4   1    0.550    3.000    2.500   10.000    0.000     -2      1     -1
 amsua_n19               5   1    0.300    0.500    2.000   10.000    0.000     -2      1     -1
 amsua_n19               6   1    0.230    0.300    2.000   10.000    0.000     -2      1     -1
 amsua_n19               7  -1    0.230    0.230    2.000   10.000    0.000     -2      1     -1
 amsua_n19               8  -1    0.250    0.250    2.000   10.000    0.000     -2      1     -1
 amsua_n19               9   1    0.250    0.250    2.000   10.000    0.000     -2      1     -1
 amsua_n19              10   1    0.350    0.350    2.000   10.000    0.000     -2      1     -1
 amsua_n19              11   1    0.400    0.400    2.500   10.000    0.000     -2      1     -1
 amsua_n19              12  -1    0.550    0.550    3.500   10.000    0.000     -2      1     -1
 amsua_n19              13  -1    0.800    0.800    4.500   10.000    0.000     -2      1     -1
 amsua_n19              14  -1    3.000    3.000    4.500   10.000    0.000     -2      1     -1
 amsua_n19              15   1    3.500   18.000    4.500   10.000    0.000     -2      1     -1
 amsua_metop-b           1  -1    2.500   20.000    4.500   10.000    0.000     -2     -1     -1
 amsua_metop-b           2  -1    2.200   18.000    4.500   10.000    0.000     -2     -1     -1
 amsua_metop-b           3  -1    2.000   12.000    4.500   10.000    0.000     -2     -1     -1
 amsua_metop-b           4  -1    0.550    3.000    2.500   10.000    0.000     -2     -1     -1
 amsua_metop-b           5  -1    0.300    0.500    2.000   10.000    0.000     -2     -1     -1
 amsua_metop-b           6  -1    0.230    0.300    2.000   10.000    0.000     -2     -1     -1
 amsua_metop-b           7  -1    0.230    0.230    2.000   10.000    0.000     -2     -1     -1
 amsua_metop-b           8   1    0.250    0.250    2.000   10.000    0.000     -2     -1     -1
 amsua_metop-b           9   1    0.250    0.250    2.000   10.000    0.000     -2     -1     -1
 amsua_metop-b          10   1    0.350    0.350    2.000   10.000    0.000     -2     -1     -1
 amsua_metop-b          11   1    0.400    0.400    2.500   10.000    0.000     -2     -1     -1
 amsua_metop-b          12   1    0.550    0.550    3.500   10.000    0.000     -2     -1     -1
 amsua_metop-b          13  -1    0.800    0.800    4.500   10.000    0.000     -2     -1     -1
 amsua_metop-b          14  -1    3.000    3.000    4.500   10.000    0.000     -2     -1     -1
 amsua_metop-b          15  -1    3.500   18.000    4.500   10.000    0.000     -2     -1     -1
 iasi_metop-b           16   1    1.380    0.000    3.000   10.000    0.000      1     -1     -1
 iasi_metop-b           29  -1    0.810    0.000    2.000   10.000    0.000     -1     -1     -1
 iasi_metop-b           32  -1    0.750    0.000    2.000   10.000    0.000     -1     -1     -1
 iasi_metop-b           35  -1    0.790    0.000    2.000   10.000    0.000     -1     -1     -1
 iasi_metop-b           38   1    0.720    0.000    2.000   10.000    0.000      1     -1     -1
 iasi_metop-b           41  -1    0.740    0.000    2.000   10.000    0.000     -1     -1     -1
 iasi_metop-b           44  -1    0.680    0.000    2.000   10.000    0.000     -1     -1     -1
 iasi_metop-b           47  -1    0.720    0.000    2.000   10.000    0.000     -1     -1     -1
 iasi_metop-b           49   1    0.650    0.000    2.000   10.000    0.000      1     -1     -1
 iasi_metop-b           50  -1    0.650    0.000    2.000   10.000    0.000     -1     -1     -1
 iasi_metop-b           51   1    0.650    0.000    2.000   10.000    0.000      1     -1     -1
 iasi_metop-b           53  -1    0.690    0.000    2.000   10.000    0.000     -1     -1     -1
 iasi_metop-b           55   1    0.640    0.000    2.000   10.000    0.000      1     -1     -1
 iasi_metop-b           56  -1    0.640    0.000    2.000   10.000    0.000     -1     -1     -1
 iasi_metop-b           57   1    0.650    0.000    2.000   10.000    0.000      1     -1     -1
 iasi_metop-b           59   1    0.670    0.000    2.000   10.000    0.000      1     -1     -1
 iasi_metop-b           61   1    0.620    0.000    2.000   10.000    0.000      1     -1     -1
 iasi_metop-b           62  -1    0.610    0.000    2.000   10.000    0.000     -1     -1     -1
 iasi_metop-b           63   1    0.620    0.000    2.000   10.000    0.000      1     -1     -1
 iasi_metop-b           66   1    0.640    0.000    2.000   10.000    0.000      1     -1     -1
 iasi_metop-b           68  -1    0.590    0.000    2.000   10.000    0.000     -1     -1     -1
 iasi_metop-b           70   1    0.760    0.000    2.000   10.000    0.000      1     -1     -1
 iasi_metop-b           72   1    1.220    0.000    4.000   10.000    0.000      1     -1     -1
 iasi_metop-b           74   1    0.780    0.000    2.000   10.000    0.000      1     -1     -1
 iasi_metop-b           76  -1    0.640    0.000    2.000   10.000    0.000     -1     -1     -1
 iasi_metop-b           78  -1    0.620    0.000    2.000   10.000    0.000     -1     -1     -1
 iasi_metop-b           79   1    0.610    0.000    2.000   10.000    0.000      1     -1     -1
 iasi_metop-b           81   1    0.690    0.000    2.000   10.000    0.000      1     -1     -1
 iasi_metop-b           82  -1    0.650    0.000    2.000   10.000    0.000     -1     -1     -1
 iasi_metop-b           83   1    0.590    0.000    2.000   10.000    0.000      1     -1     -1
 iasi_metop-b           84  -1    0.610    0.000    2.000   10.000    0.000     -1     -1     -1
 iasi_metop-b           85   1    0.590    0.000    2.000   10.000    0.000      1     -1     -1
 iasi_metop-b           86  -1    0.680    0.000    2.000   10.000    0.000     -1     -1     -1
 iasi_metop-b           87   1    0.620    0.000    2.000   10.000    0.000      1     -1     -1
 iasi_metop-b           89  -1    0.680    0.000    2.000   10.000    0.000     -1     -1     -1
 iasi_metop-b           92  -1    4.380    0.000    2.000   10.000    0.000     -1     -1     -1
 iasi_metop-b           93  -1    3.050    0.000    2.000   10.000    0.000     -1     -1     -1
 iasi_metop-b           95  -1    2.310    0.000    2.000   10.000    0.000     -1     -1     -1
 iasi_metop-b           97  -1    1.560    0.000    4.000   10.000    0.000     -1     -1     -1
 iasi_metop-b           99  -1    1.330    0.000    4.000   10.000    0.000     -1     -1     -1
 iasi_metop-b          101  -1    1.580    0.000    3.500   10.000    0.000     -1     -1     -1
 iasi_metop-b          103  -1    0.930    0.000    2.500   10.000    0.000     -1     -1     -1
 iasi_metop-b          104   1    1.670    0.000    2.000   10.000    0.000      1     -1     -1
 iasi_metop-b          106   1    0.720    0.000    2.000   10.000    0.000      1     -1     -1
 iasi_metop-b          109   1    0.570    0.000    2.000   10.000    0.000      1     -1     -1
 iasi_metop-b          110  -1    0.580    0.000    2.000   10.000    0.000     -1     -1     -1
 iasi_metop-b          111   1    0.550    0.000    2.000   10.000    0.000      1     -1     -1
 iasi_metop-b          113   1    0.680    0.000    2.000   10.000    0.000      1     -1     -1
 iasi_metop-b          116   1    0.590    0.000    2.000   10.000    0.000      1     -1     -1
 iasi_metop-b          119   1    0.680    0.000    2.000   10.000    0.000      1     -1     -1
 iasi_metop-b          122   1    0.590    0.000    2.000   10.000    0.000      1     -1     -1
 iasi_metop-b          125   1    0.650    0.000    2.000   10.000    0.000      1     -1     -1
 iasi_metop-b          128   1    0.580    0.000    2.000   10.000    0.000      1     -1     -1
 iasi_metop-b          131   1    0.620    0.000    2.000   10.000    0.000      1     -1     -1
 iasi_metop-b          133   1    0.640    0.000    2.000   10.000    0.000      1     -1     -1
 iasi_metop-b          135   1    0.580    0.000    2.000   10.000    0.000      1     -1     -1
 iasi_metop-b          138   1    0.640    0.000    2.000   10.000    0.000      1     -1     -1
 iasi_metop-b          141   1    0.550    0.000    2.000   10.000    0.000      1     -1     -1
 iasi_metop-b          144   1    0.640    0.000    2.000   10.000    0.000      1     -1     -1
 iasi_metop-b          146   1    0.500    0.000    2.000   10.000    0.000      1     -1     -1
 iasi_metop-b          148   1    0.820    0.000    2.000   10.000    0.000      1     -1     -1
 iasi_metop-b          150  -1    0.590    0.000    2.000   10.000    0.000     -1     -1     -1
 iasi_metop-b          151   1    0.620    0.000    2.000   10.000    0.000      1     -1     -1
 iasi_metop-b          154   1    0.510    0.000    2.000   10.000    0.000      1     -1     -1
 iasi_metop-b          157   1    0.640    0.000    2.000   10.000    0.000      1     -1     -1
 iasi_metop-b          159   1    0.520    0.000    2.000   10.000    0.000      1     -1     -1
 iasi_metop-b          160  -1    0.510    0.000    2.000   10.000    0.000     -1     -1     -1
 iasi_metop-b          161   1    0.510    0.000    2.000   10.000    0.000      1     -1     -1
 iasi_metop-b          163   1    0.760    0.000    2.000   10.000    0.000      1     -1     -1
 iasi_metop-b          167   1    0.520    0.000    2.000   10.000    0.000      1     -1     -1
 iasi_metop-b          170   1    0.570    0.000    2.000   10.000    0.000      1     -1     -1
 iasi_metop-b          173   1    0.550    0.000    2.000   10.000    0.000      1     -1     -1
 iasi_metop-b          176   1    0.690    0.000    2.000   10.000    0.000      1     -1     -1
 iasi_metop-b          179  -1    0.580    0.000    2.000   10.000    0.000     -1     -1     -1
 iasi_metop-b          180   1    0.650    0.000    2.000   10.000    0.000      1     -1     -1
 iasi_metop-b          185   1    0.610    0.000    2.000   10.000    0.000      1     -1     -1
 iasi_metop-b          187   1    0.590    0.000    2.000   10.000    0.000      1     -1     -1
 iasi_metop-b          191  -1    0.640    0.000    2.000   10.000    0.000     -1     -1     -1
 iasi_metop-b          193   1    0.760    0.000    2.000   10.000    0.000      1     -1     -1
 iasi_metop-b          197  -1    0.720    0.000    2.000   10.000    0.000     -1     -1     -1
 iasi_metop-b          199   1    1.050    0.000    3.500   10.000    0.000      1     -1     -1
 iasi_metop-b          200  -1    0.750    0.000    2.000   10.000    0.000     -1     -1     -1
 iasi_metop-b          202  -1    0.510    0.000    2.000   10.000    0.000     -1     -1     -1
 iasi_metop-b          203  -1    0.650    0.000    2.000   10.000    0.000     -1     -1     -1
 iasi_metop-b          205   1    1.300    0.000    2.000   10.000    0.000      1     -1     -1
 iasi_metop-b          207   1    0.690    0.000    2.000   10.000    0.000      1     -1     -1
 iasi_metop-b          210   1    0.930    0.000    2.000   10.000    0.000      1     -1     -1
 iasi_metop-b          212   1    1.490    0.000    3.000   10.000    0.000      1     -1     -1
 iasi_metop-b          213  -1    1.120    0.000    2.000   10.000    0.000     -1     -1     -1
 iasi_metop-b          214   1    0.680    0.000    2.000   10.000    0.000      1     -1     -1
 iasi_metop-b          217   1    0.660    0.000    2.000   10.000    0.000      1     -1     -1
 iasi_metop-b          218  -1    0.670    0.000    2.000   10.000    0.000     -1     -1     -1
 iasi_metop-b          219   1    0.590    0.000    2.000   10.000    0.000      1     -1     -1
 iasi_metop-b          222   1    0.590    0.000    2.000   10.000    0.000      1     -1     -1
 iasi_metop-b          224   1    0.690    0.000    2.000   10.000    0.000      1     -1     -1
 iasi_metop-b          225  -1    0.670    0.000    2.000   10.000    0.000     -1     -1     -1
 iasi_metop-b          226   1    0.640    0.000    2.000   10.000    0.000      1     -1     -1
 iasi_metop-b          228  -1    0.620    0.000    2.000   10.000    0.000     -1     -1     -1
 iasi_metop-b          230   1    0.720    0.000    2.000   10.000    0.000      1     -1     -1
 iasi_metop-b          231  -1    0.690    0.000    2.000   10.000    0.000     -1     -1     -1
 iasi_metop-b          232   1    0.660    0.000    2.000   10.000    0.000      1     -1     -1
 iasi_metop-b          236   1    0.790    0.000    2.000   10.000    0.000      1     -1     -1
 iasi_metop-b          237  -1    0.780    0.000    2.000   10.000    0.000     -1     -1     -1
 iasi_metop-b          239   1    0.740    0.000    2.000   10.000    0.000      1     -1     -1
 iasi_metop-b          243   1    0.880    0.000    2.500   10.000    0.000      1     -1     -1
 iasi_metop-b          246   1    0.770    0.000    2.000   10.000    0.000      1     -1     -1
 iasi_metop-b          249   1    0.880    0.000    2.500   10.000    0.000      1     -1     -1
 iasi_metop-b          252   1    0.860    0.000    2.500   10.000    0.000      1     -1     -1
 iasi_metop-b          254   1    1.000    0.000    3.000   10.000    0.000      1     -1     -1
 iasi_metop-b          259  -1    0.870    0.000    2.500   10.000    0.000     -1     -1     -1
 iasi_metop-b          260   1    0.850    0.000    2.500   10.000    0.000      1     -1     -1
 iasi_metop-b          262   1    0.880    0.000    2.500   10.000    0.000      1     -1     -1
 iasi_metop-b          265   1    0.840    0.000    2.500   10.000    0.000      1     -1     -1
 iasi_metop-b          267   1    0.840    0.000    3.500   10.000    0.000      1     -1     -1
 iasi_metop-b          269  -1    0.840    0.000    2.500   10.000    0.000     -1     -1     -1
 iasi_metop-b          275   1    0.800    0.000    2.500   10.000    0.000      1     -1     -1
 iasi_metop-b          279  -1    0.800    0.000    3.000   10.000    0.000     -1     -1     -1
 iasi_metop-b          282   1    0.870    0.000    3.500   10.000    0.000      1     -1     -1
 iasi_metop-b          285  -1    0.980    0.000    3.000   10.000    0.000     -1     -1     -1
 iasi_metop-b          294   1    0.520    0.000    4.000   10.000    0.000      1     -1     -1
 iasi_metop-b          296   1    0.650    0.000    4.000   10.000    0.000      1     -1     -1
 iasi_metop-b          299   1    0.690    0.000    4.000   10.000    0.000      1     -1     -1
 iasi_metop-b          300  -1    0.610    0.000    4.000   10.000    0.000     -1     -1     -1
 iasi_metop-b          303   1    0.600    0.000    4.000   10.000    0.000      1     -1     -1
 iasi_metop-b          306   1    0.670    0.000    4.000   10.000    0.000      1     -1     -1
 iasi_metop-b          309  -1    0.790    0.000    4.500   10.000    0.000     -1     -1     -1
 iasi_metop-b          313  -1    0.620    0.000    4.500   10.000    0.000     -1     -1     -1
 iasi_metop-b          320  -1    0.660    0.000    4.500   10.000    0.000     -1     -1     -1
 iasi_metop-b          323   1    0.700    0.000    4.500   10.000    0.000      1     -1     -1
 iasi_metop-b          326  -1    0.650    0.000    4.500   10.000    0.000     -1     -1     -1
 iasi_metop-b          327   1    0.620    0.000    4.000   10.000    0.000      1     -1     -1
 iasi_metop-b          329   1    0.610    0.000    4.500   10.000    0.000      1     -1     -1
 iasi_metop-b          332  -1    0.620    0.000    4.000   10.000    0.000     -1     -1     -1
 iasi_metop-b          335   1    0.530    0.000    4.000   10.000    0.000      1     -1     -1
 iasi_metop-b          345   1    0.600    0.000    4.500   10.000    0.000      1     -1     -1
 iasi_metop-b          347   1    0.680    0.000    2.500   10.000    0.000      1     -1     -1
 iasi_metop-b          350   1    0.950    0.000    3.000   10.000    0.000      1     -1     -1
 iasi_metop-b          354   1    0.630    0.000    2.500   10.000    0.000      1     -1     -1
 iasi_metop-b          356   1    0.970    0.000    3.000   10.000    0.000      1     -1     -1
 iasi_metop-b          360   1    0.650    0.000    2.500   10.000    0.000      1     -1     -1
 iasi_metop-b          363  -1    0.980    0.000    3.000   10.000    0.000     -1     -1     -1
 iasi_metop-b          366   1    0.580    0.000    2.000   10.000    0.000      1     -1     -1
 iasi_metop-b          371   1    0.730    0.000    2.500   10.000    0.000      1     -1     -1
 iasi_metop-b          372  -1    0.650    0.000    2.500   10.000    0.000     -1     -1     -1
 iasi_metop-b          373   1    0.850    0.000    3.000   10.000    0.000      1     -1     -1
 iasi_metop-b          375   1    0.990    0.000    3.000   10.000    0.000      1     -1     -1
 iasi_metop-b          377   1    0.760    0.000    2.500   10.000    0.000      1     -1     -1
 iasi_metop-b          379   1    0.850    0.000    3.000   10.000    0.000      1     -1     -1
 iasi_metop-b          381   1    0.970    0.000    3.000   10.000    0.000      1     -1     -1
 iasi_metop-b          383   1    0.770    0.000    3.000   10.000    0.000      1     -1     -1
 iasi_metop-b          386   1    0.620    0.000    2.500   10.000    0.000      1     -1     -1
 iasi_metop-b          389   1    0.630    0.000    2.500   10.000    0.000      1     -1     -1
 iasi_metop-b          398   1    1.210    0.000    4.000   10.000    0.000      1     -1     -1
 iasi_metop-b          401   1    1.410    0.000    4.500   10.000    0.000      1     -1     -1
 iasi_metop-b          404   1    1.550    0.000    4.500   10.000    0.000      1     -1     -1
 iasi_metop-b          405  -1    1.780    0.000    5.000   10.000    0.000     -1     -1     -1
 iasi_metop-b          407   1    1.350    0.000    4.000   10.000    0.000      1     -1     -1
 iasi_metop-b          408  -1    1.140    0.000    4.000   10.000    0.000     -1     -1     -1
 iasi_metop-b          410   1    1.690    0.000    5.000   10.000    0.000      1     -1     -1
 iasi_metop-b          411  -1    1.790    0.000    5.000   10.000    0.000     -1     -1     -1
 iasi_metop-b          414   1    1.460    0.000    5.000   10.000    0.000      1     -1     -1
 iasi_metop-b          416   1    1.630    0.000    5.000   10.000    0.000      1     -1     -1
 iasi_metop-b          418  -1    1.940    0.000    5.500   10.000    0.000     -1     -1     -1
 iasi_metop-b          423  -1    2.010    0.000    5.500   10.000    0.000     -1     -1     -1
 iasi_metop-b          426   1    1.240    0.000    4.000   10.000    0.000      1     -1     -1
 iasi_metop-b          428   1    1.760    0.000    5.000   10.000    0.000      1     -1     -1
 iasi_metop-b          432   1    1.260    0.000    4.000   10.000    0.000      1     -1     -1
 iasi_metop-b          433  -1    1.470    0.000    4.500   10.000    0.000     -1     -1     -1
 iasi_metop-b          434   1    1.900    0.000    5.500   10.000    0.000      1     -1     -1
 iasi_metop-b          439   1    1.660    0.000    5.500   10.000    0.000      1     -1     -1
 iasi_metop-b          442  -1    2.130    0.000    6.000   10.000    0.000     -1     -1     -1
 iasi_metop-b          445   1    1.490    0.000    4.500   10.000    0.000      1     -1     -1
 iasi_metop-b          450  -1    1.520    0.000    4.500   10.000    0.000     -1     -1     -1
 iasi_metop-b          457   1    1.550    0.000    4.000   10.000    0.000      1     -1     -1
 iasi_metop-b          459  -1    1.960    0.000    5.000   10.000    0.000     -1     -1     -1
 iasi_metop-b          472  -1    2.310    0.000    5.000   10.000    0.000     -1     -1     -1
 iasi_metop-b          477  -1    2.330    0.000    6.000   10.000    0.000     -1     -1     -1
 iasi_metop-b          483  -1    2.320    0.000    6.000   10.000    0.000     -1     -1     -1
 iasi_metop-b          509  -1    2.310    0.000    6.000   10.000    0.000     -1     -1     -1
 iasi_metop-b          515   1    2.330    0.000    6.000   10.000    0.000      1     -1     -1
 iasi_metop-b          546   1    2.230    0.000    6.000   10.000    0.000      1     -1     -1
 iasi_metop-b          552   1    2.330    0.000    6.000   10.000    0.000      1     -1     -1
 iasi_metop-b          559   1    1.840    0.000    6.000   10.000    0.000      1     -1     -1
 iasi_metop-b          566   1    2.290    0.000    6.000   10.000    0.000      1     -1     -1
 iasi_metop-b          571   1    2.280    0.000    6.000   10.000    0.000      1     -1     -1
 iasi_metop-b          573   1    2.280    0.000    6.000   10.000    0.000      1     -1     -1
 iasi_metop-b          578  -1    2.280    0.000    6.000   10.000    0.000     -1     -1     -1
 iasi_metop-b          584  -1    2.260    0.000    6.000   10.000    0.000     -1     -1     -1
 iasi_metop-b          594  -1    2.260    0.000    6.000   10.000    0.000     -1     -1     -1
 iasi_metop-b          625  -1    2.260    0.000    6.000   10.000    0.000     -1     -1     -1
 iasi_metop-b          646   1    2.270    0.000    6.000   10.000    0.000      1     -1     -1
 iasi_metop-b          662   1    2.240    0.000    6.000   10.000    0.000      1     -1     -1
 iasi_metop-b          668   1    2.230    0.000    6.000   10.000    0.000      1     -1     -1
 iasi_metop-b          705  -1    2.240    0.000    6.000   10.000    0.000     -1     -1     -1
 iasi_metop-b          739  -1    2.260    0.000    6.000   10.000    0.000     -1     -1     -1
 iasi_metop-b          756   1    2.280    0.000    6.000   10.000    0.000      1     -1     -1
 iasi_metop-b          797  -1    2.280    0.000    6.000   10.000    0.000     -1     -1     -1
 iasi_metop-b          867   1    2.300    0.000    6.000   10.000    0.000      1     -1     -1
 iasi_metop-b          906   1    2.150    0.000    6.000   10.000    0.000      1     -1     -1
 iasi_metop-b          921   1    2.310    0.000    6.000   10.000    0.000      1     -1     -1
 iasi_metop-b         1027   1    2.370    0.000    6.000   10.000    0.000      1     -1     -1
 iasi_metop-b         1046   1    2.270    0.000    6.000   10.000    0.000      1     -1     -1
 iasi_metop-b         1090  -1    2.290    0.000    6.000   10.000    0.000     -1     -1     -1
 iasi_metop-b         1098  -1    2.290    0.000    6.000   10.000    0.000     -1     -1     -1
 iasi_metop-b         1121   1    2.230    0.000    6.000   10.000    0.000      1     -1     -1
 iasi_metop-b         1133   1    2.280    0.000    6.000   10.000    0.000      1     -1     -1
 iasi_metop-b         1173  -1    2.320    0.000    6.000   10.000    0.000     -1     -1     -1
 iasi_metop-b         1191   1    2.320    0.000    6.000   10.000    0.000      1     -1     -1
 iasi_metop-b         1194   1    2.310    0.000    6.000   10.000    0.000      1     -1     -1
 iasi_metop-b         1222  -1    2.320    0.000    6.000   10.000    0.000     -1     -1     -1
 iasi_metop-b         1271   1    2.320    0.000    6.000   10.000    0.000      1     -1     -1
 iasi_metop-b         1283  -1    2.310    0.000    6.000   10.000    0.000     -1     -1     -1
 iasi_metop-b         1338  -1    2.310    0.000    6.000   10.000    0.000     -1     -1     -1
 iasi_metop-b         1409  -1    2.280    0.000    6.000   10.000    0.000     -1     -1     -1
 iasi_metop-b         1414  -1    2.290    0.000    6.000   10.000    0.000     -1     -1     -1
 iasi_metop-b         1420  -1    2.280    0.000    6.000   10.000    0.000     -1     -1     -1
 iasi_metop-b         1424  -1    2.260    0.000    6.000   10.000    0.000     -1     -1     -1
 iasi_metop-b         1427  -1    2.290    0.000    6.000   10.000    0.000     -1     -1     -1
 iasi_metop-b         1430  -1    2.270    0.000    6.000   10.000    0.000     -1     -1     -1
 iasi_metop-b         1434  -1    2.260    0.000    6.000   10.000    0.000     -1     -1     -1
 iasi_metop-b         1440  -1    2.250    0.000    6.000   10.000    0.000     -1     -1     -1
 iasi_metop-b         1442  -1    2.270    0.000    6.000   10.000    0.000     -1     -1     -1
 iasi_metop-b         1445  -1    2.240    0.000    6.000   10.000    0.000     -1     -1     -1
 iasi_metop-b         1450  -1    2.210    0.000    6.000   10.000    0.000     -1     -1     -1
 iasi_metop-b         1454  -1    2.240    0.000    6.000   10.000    0.000     -1     -1     -1
 iasi_metop-b         1460  -1    2.170    0.000    6.000   10.000    0.000     -1     -1     -1
 iasi_metop-b         1463  -1    2.180    0.000    6.000   10.000    0.000     -1     -1     -1
 iasi_metop-b         1469  -1    2.170    0.000    6.000   10.000    0.000     -1     -1     -1
 iasi_metop-b         1474  -1    2.210    0.000    6.000   10.000    0.000     -1     -1     -1
 iasi_metop-b         1479   1    1.990    0.000    6.000   10.000    0.000     -1     -1     -1
 iasi_metop-b         1483  -1    2.160    0.000    6.000   10.000    0.000     -1     -1     -1
 iasi_metop-b         1487  -1    2.200    0.000    6.000   10.000    0.000     -1     -1     -1
 iasi_metop-b         1494  -1    2.130    0.000    6.000   10.000    0.000     -1     -1     -1
 iasi_metop-b         1496  -1    2.120    0.000    6.000   10.000    0.000     -1     -1     -1
 iasi_metop-b         1502  -1    2.130    0.000    6.000   10.000    0.000     -1     -1     -1
 iasi_metop-b         1505  -1    2.100    0.000    6.000   10.000    0.000     -1     -1     -1
 iasi_metop-b         1509   1    2.120    0.000    6.000   10.000    0.000     -1     -1     -1
 iasi_metop-b         1510  -1    2.110    0.000    6.000   10.000    0.000     -1     -1     -1
 iasi_metop-b         1513   1    2.090    0.000    6.000   10.000    0.000     -1     -1     -1
 iasi_metop-b         1518  -1    2.090    0.000    6.000   10.000    0.000     -1     -1     -1
 iasi_metop-b         1521   1    2.080    0.000    6.000   10.000    0.000     -1     -1     -1
 iasi_metop-b         1526  -1    2.090    0.000    6.000   10.000    0.000     -1     -1     -1
 iasi_metop-b         1529  -1    2.040    0.000    6.000   10.000    0.000     -1     -1     -1
 iasi_metop-b         1532  -1    2.040    0.000    6.000   10.000    0.000     -1     -1     -1
 iasi_metop-b         1536   1    2.100    0.000    6.000   10.000    0.000     -1     -1     -1
 iasi_metop-b         1537  -1    2.010    0.000    6.000   10.000    0.000     -1     -1     -1
 iasi_metop-b         1541  -1    2.050    0.000    6.000   10.000    0.000     -1     -1     -1
 iasi_metop-b         1545  -1    2.030    0.000    6.000   10.000    0.000     -1     -1     -1
 iasi_metop-b         1548  -1    2.060    0.000    6.000   10.000    0.000     -1     -1     -1
 iasi_metop-b         1553  -1    1.980    0.000    6.000   10.000    0.000     -1     -1     -1
 iasi_metop-b         1560  -1    1.950    0.000    6.000   10.000    0.000     -1     -1     -1
 iasi_metop-b         1568  -1    1.940    0.000    6.000   10.000    0.000     -1     -1     -1
 iasi_metop-b         1574   1    1.910    0.000    6.000   10.000    0.000     -1     -1     -1
 iasi_metop-b         1579   1    1.700    0.000    6.000   10.000    0.000     -1     -1     -1
 iasi_metop-b         1583  -1    1.760    0.000    6.000   10.000    0.000     -1     -1     -1
 iasi_metop-b         1585   1    1.770    0.000    6.000   10.000    0.000     -1     -1     -1
 iasi_metop-b         1587   1    1.830    0.000    6.000   10.000    0.000     -1     -1     -1
 iasi_metop-b         1606  -1    2.040    0.000    6.000   10.000    0.000     -1     -1     -1
 iasi_metop-b         1626   1    1.910    0.000    6.000   10.000    0.000     -1     -1     -1
 iasi_metop-b         1639   1    1.990    0.000    6.000   10.000    0.000     -1     -1     -1
 iasi_metop-b         1643   1    1.990    0.000    6.000   10.000    0.000     -1     -1     -1
 iasi_metop-b         1652   1    2.070    0.000    6.000   10.000    0.000     -1     -1     -1
 iasi_metop-b         1658   1    2.020    0.000    6.000   10.000    0.000     -1     -1     -1
 iasi_metop-b         1659  -1    2.040    0.000    6.000   10.000    0.000     -1     -1     -1
 iasi_metop-b         1666  -1    2.100    0.000    6.000   10.000    0.000     -1     -1     -1
 iasi_metop-b         1671   1    2.060    0.000    6.000   10.000    0.000     -1     -1     -1
 iasi_metop-b         1675  -1    2.180    0.000    6.000   10.000    0.000     -1     -1     -1
 iasi_metop-b         1681  -1    2.210    0.000    6.000   10.000    0.000     -1     -1     -1
 iasi_metop-b         1694  -1    2.240    0.000    6.000   10.000    0.000     -1     -1     -1
 iasi_metop-b         1697  -1    2.230    0.000    6.000   10.000    0.000     -1     -1     -1
 iasi_metop-b         1710  -1    2.230    0.000    6.000   10.000    0.000     -1     -1     -1
 iasi_metop-b         1786   1    1.980    0.000    6.000   10.000    0.000      1     -1     -1
 iasi_metop-b         1791  -1    2.200    0.000    6.000   10.000    0.000     -1     -1     -1
 iasi_metop-b         1805   1    2.180    0.000    6.000   10.000    0.000      1     -1     -1
 iasi_metop-b         1839  -1    2.180    0.000    6.000   10.000    0.000     -1     -1     -1
 iasi_metop-b         1884   1    2.210    0.000    6.000   10.000    0.000      1     -1     -1
 iasi_metop-b         1913  -1    2.230    0.000    6.000   10.000    0.000     -1     -1     -1
 iasi_metop-b         1946  -1    2.240    0.000    6.000   10.000    0.000     -1     -1     -1
 iasi_metop-b         1947  -1    2.240    0.000    6.000   10.000    0.000     -1     -1     -1
 iasi_metop-b         1991   1    2.250    0.000    6.000   10.000    0.000      1     -1     -1
 iasi_metop-b         2019   1    1.800    0.000    6.000   10.000    0.000      1     -1     -1
 iasi_metop-b         2094   1    2.240    0.000    6.000   10.000    0.000      1     -1     -1
 iasi_metop-b         2119   1    1.730    0.000    6.000   10.000    0.000      1     -1     -1
 iasi_metop-b         2213   1    1.730    0.000    6.000   10.000    0.000      1     -1     -1
 iasi_metop-b         2239   1    2.270    0.000    6.000   10.000    0.000      1     -1     -1
 iasi_metop-b         2271   1    1.670    0.000    6.000   10.000    0.000      1     -1     -1
 iasi_metop-b         2289  -1    2.210    0.000    6.000   10.000    0.000     -1     -1     -1
 iasi_metop-b         2321   1    1.720    0.000    6.000   10.000    0.000      1     -1     -1
 iasi_metop-b         2333  -1    2.230    0.000    6.000   10.000    0.000     -1     -1     -1
 iasi_metop-b         2346  -1    2.230    0.000    6.000   10.000    0.000     -1     -1     -1
 iasi_metop-b         2349  -1    2.230    0.000    6.000   10.000    0.000     -1     -1     -1
 iasi_metop-b         2352  -1    2.240    0.000    6.000   10.000    0.000     -1     -1     -1
 iasi_metop-b         2359  -1    2.230    0.000    6.000   10.000    0.000     -1     -1     -1
 iasi_metop-b         2367  -1    2.120    0.000    6.000   10.000    0.000     -1     -1     -1
 iasi_metop-b         2374  -1    2.170    0.000    6.000   10.000    0.000     -1     -1     -1
 iasi_metop-b         2398   1    1.740    0.000    6.000   10.000    0.000      1     -1     -1
 iasi_metop-b         2426  -1    2.020    0.000    6.000   10.000    0.000     -1     -1     -1
 iasi_metop-b         2562  -1    1.880    0.000    6.000   10.000    0.000     -1     -1     -1
 iasi_metop-b         2701   1    1.670    0.000    6.000   10.000    0.000      1     -1     -1
 iasi_metop-b         2741  -1    1.730    0.000    6.000   10.000    0.000     -1     -1     -1
 iasi_metop-b         2745  -1    1.830    0.000    6.000   10.000    0.000     -1     -1     -1
 iasi_metop-b         2760  -1    1.820    0.000    6.000   10.000    0.000     -1     -1     -1
 iasi_metop-b         2819  -1    1.730    0.000    6.000   10.000    0.000     -1     -1     -1
 iasi_metop-b         2889   1    1.830    0.000    6.000   10.000    0.000     -1     -1     -1
 iasi_metop-b         2907  -1    2.190    0.000    6.000   10.000    0.000     -1     -1     -1
 iasi_metop-b         2910  -1    1.840    0.000    6.000   10.000    0.000     -1     -1     -1
 iasi_metop-b         2919  -1    1.890    0.000    6.000   10.000    0.000     -1     -1     -1
 iasi_metop-b         2921  -1    1.600    0.000    6.000   10.000    0.000     -1     -1     -1
 iasi_metop-b         2939  -1    1.710    0.000    6.000   10.000    0.000     -1     -1     -1
 iasi_metop-b         2944  -1    1.860    0.000    6.000   10.000    0.000     -1     -1     -1
 iasi_metop-b         2945  -1    1.850    0.000    6.000   10.000    0.000     -1     -1     -1
 iasi_metop-b         2948  -1    1.840    0.000    6.000   10.000    0.000     -1     -1     -1
 iasi_metop-b         2951  -1    1.870    0.000    6.000   10.000    0.000     -1     -1     -1
 iasi_metop-b         2958   1    1.910    0.000    6.000   10.000    0.000     -1     -1     -1
 iasi_metop-b         2971  -1    1.520    0.000    6.000   10.000    0.000     -1     -1     -1
 iasi_metop-b         2977  -1    1.950    0.000    6.000   10.000    0.000     -1     -1     -1
 iasi_metop-b         2985  -1    1.870    0.000    6.000   10.000    0.000     -1     -1     -1
 iasi_metop-b         2988  -1    1.890    0.000    6.000   10.000    0.000     -1     -1     -1
 iasi_metop-b         2990  -1    1.910    0.000    6.000   10.000    0.000     -1     -1     -1
 iasi_metop-b         2991  -1    1.910    0.000    6.000   10.000    0.000     -1     -1     -1
 iasi_metop-b         2993   1    1.930    0.000    6.000   10.000    0.000     -1     -1     -1
 iasi_metop-b         3002   1    1.900    0.000    6.000   10.000    0.000     -1     -1     -1
 iasi_metop-b         3008  -1    1.910    0.000    6.000   10.000    0.000     -1     -1     -1
 iasi_metop-b         3014  -1    1.900    0.000    6.000   10.000    0.000     -1     -1     -1
 iasi_metop-b         3027  -1    1.890    0.000    6.000   10.000    0.000     -1     -1     -1
 iasi_metop-b         3029  -1    1.890    0.000    6.000   10.000    0.000     -1     -1     -1
 iasi_metop-b         3030  -1    1.910    0.000    6.000   10.000    0.000     -1     -1     -1
 iasi_metop-b         3036  -1    1.900    0.000    6.000   10.000    0.000     -1     -1     -1
 iasi_metop-b         3047  -1    1.910    0.000    6.000   10.000    0.000     -1     -1     -1
 iasi_metop-b         3049   1    1.910    0.000    6.000   10.000    0.000     -1     -1     -1
 iasi_metop-b         3052  -1    1.910    0.000    6.000   10.000    0.000     -1     -1     -1
 iasi_metop-b         3053  -1    1.930    0.000    6.000   10.000    0.000     -1     -1     -1
 iasi_metop-b         3055  -1    1.940    0.000    6.000   10.000    0.000     -1     -1     -1
 iasi_metop-b         3058  -1    1.910    0.000    6.000   10.000    0.000     -1     -1     -1
 iasi_metop-b         3064  -1    1.920    0.000    6.000   10.000    0.000     -1     -1     -1
 iasi_metop-b         3069  -1    1.770    0.000    6.000   10.000    0.000     -1     -1     -1
 iasi_metop-b         3087  -1    1.910    0.000    6.000   10.000    0.000     -1     -1     -1
 iasi_metop-b         3093  -1    1.950    0.000    6.000   10.000    0.000     -1     -1     -1
 iasi_metop-b         3098  -1    1.190    0.000    6.000   10.000    0.000     -1     -1     -1
 iasi_metop-b         3105   1    1.960    0.000    6.000   10.000    0.000     -1     -1     -1
 iasi_metop-b         3107  -1    1.980    0.000    6.000   10.000    0.000     -1     -1     -1
 iasi_metop-b         3110   1    1.940    0.000    6.000   10.000    0.000     -1     -1     -1
 iasi_metop-b         3116  -1    1.550    0.000    6.000   10.000    0.000     -1     -1     -1
 iasi_metop-b         3127  -1    1.910    0.000    6.000   10.000    0.000     -1     -1     -1
 iasi_metop-b         3129  -1    1.920    0.000    6.000   10.000    0.000     -1     -1     -1
 iasi_metop-b         3136  -1    1.920    0.000    6.000   10.000    0.000     -1     -1     -1
 iasi_metop-b         3146  -1    1.970    0.000    6.000   10.000    0.000     -1     -1     -1
 iasi_metop-b         3151  -1    1.930    0.000    6.000   10.000    0.000     -1     -1     -1
 iasi_metop-b         3160  -1    1.990    0.000    6.000   10.000    0.000     -1     -1     -1
 iasi_metop-b         3165  -1    1.860    0.000    6.000   10.000    0.000     -1     -1     -1
 iasi_metop-b         3168  -1    1.120    0.000    6.000   10.000    0.000     -1     -1     -1
 iasi_metop-b         3175  -1    1.930    0.000    6.000   10.000    0.000     -1     -1     -1
 iasi_metop-b         3178  -1    1.920    0.000    6.000   10.000    0.000     -1     -1     -1
 iasi_metop-b         3189  -1    1.950    0.000    6.000   10.000    0.000     -1     -1     -1
 iasi_metop-b         3207  -1    1.850    0.000    6.000   10.000    0.000     -1     -1     -1
 iasi_metop-b         3228  -1    1.840    0.000    6.000   10.000    0.000     -1     -1     -1
 iasi_metop-b         3244  -1    1.910    0.000    6.000   10.000    0.000     -1     -1     -1
 iasi_metop-b         3248  -1    1.120    0.000    6.000   10.000    0.000     -1     -1     -1
 iasi_metop-b         3252  -1    1.820    0.000    6.000   10.000    0.000     -1     -1     -1
 iasi_metop-b         3256  -1    1.820    0.000    6.000   10.000    0.000     -1     -1     -1
 iasi_metop-b         3263  -1    1.950    0.000    6.000   10.000    0.000     -1     -1     -1
 iasi_metop-b         3281  -1    1.240    0.000    6.000   10.000    0.000     -1     -1     -1
 iasi_metop-b         3295  -1    1.940    0.000    6.000   10.000    0.000     -1     -1     -1
 iasi_metop-b         3303  -1    1.960    0.000    6.000   10.000    0.000     -1     -1     -1
 iasi_metop-b         3309  -1    1.210    0.000    6.000   10.000    0.000     -1     -1     -1
 iasi_metop-b         3312  -1    1.830    0.000    6.000   10.000    0.000     -1     -1     -1
 iasi_metop-b         3322  -1    1.960    0.000    6.000   10.000    0.000     -1     -1     -1
 iasi_metop-b         3326  -1    1.360    0.000    6.000   10.000    0.000     -1     -1     -1
 iasi_metop-b         3354  -1    1.960    0.000    6.000   10.000    0.000     -1     -1     -1
 iasi_metop-b         3366  -1    1.820    0.000    6.000   10.000    0.000     -1     -1     -1
 iasi_metop-b         3375  -1    1.920    0.000    6.000   10.000    0.000     -1     -1     -1
 iasi_metop-b         3378  -1    1.680    0.000    6.000   10.000    0.000     -1     -1     -1
 iasi_metop-b         3411  -1    1.930    0.000    6.000   10.000    0.000     -1     -1     -1
 iasi_metop-b         3416  -1    1.230    0.000    6.000   10.000    0.000     -1     -1     -1
 iasi_metop-b         3432  -1    1.960    0.000    6.000   10.000    0.000     -1     -1     -1
 iasi_metop-b         3438  -1    1.930    0.000    6.000   10.000    0.000     -1     -1     -1
 iasi_metop-b         3440  -1    1.860    0.000    6.000   10.000    0.000     -1     -1     -1
 iasi_metop-b         3442  -1    1.410    0.000    5.500   10.000    0.000     -1     -1     -1
 iasi_metop-b         3444  -1    1.160    0.000    4.500   10.000    0.000     -1     -1     -1
 iasi_metop-b         3446  -1    1.600    0.000    6.000   10.000    0.000     -1     -1     -1
 iasi_metop-b         3448  -1    1.250    0.000    5.000   10.000    0.000     -1     -1     -1
 iasi_metop-b         3450  -1    1.200    0.000    5.000   10.000    0.000     -1     -1     -1
 iasi_metop-b         3452  -1    1.650    0.000    6.000   10.000    0.000     -1     -1     -1
 iasi_metop-b         3454  -1    1.660    0.000    6.000   10.000    0.000     -1     -1     -1
 iasi_metop-b         3458  -1    1.870    0.000    6.000   10.000    0.000     -1     -1     -1
 iasi_metop-b         3467  -1    1.940    0.000    6.000   10.000    0.000     -1     -1     -1
 iasi_metop-b         3476  -1    1.960    0.000    6.000   10.000    0.000     -1     -1     -1
 iasi_metop-b         3484  -1    1.910    0.000    6.000   10.000    0.000     -1     -1     -1
 iasi_metop-b         3491  -1    1.250    0.000    5.000   10.000    0.000     -1     -1     -1
 iasi_metop-b         3497  -1    1.930    0.000    6.000   10.000    0.000     -1     -1     -1
 iasi_metop-b         3499  -1    1.910    0.000    6.000   10.000    0.000     -1     -1     -1
 iasi_metop-b         3504  -1    1.700    0.000    6.000   10.000    0.000     -1     -1     -1
 iasi_metop-b         3506  -1    0.990    0.000    4.000   10.000    0.000     -1     -1     -1
 iasi_metop-b         3509  -1    1.810    0.000    6.000   10.000    0.000     -1     -1     -1
 iasi_metop-b         3518  -1    1.920    0.000    6.000   10.000    0.000     -1     -1     -1
 iasi_metop-b         3527  -1    1.950    0.000    6.000   10.000    0.000     -1     -1     -1
 iasi_metop-b         3555  -1    1.500    0.000    6.000   10.000    0.000     -1     -1     -1
 iasi_metop-b         3575  -1    1.470    0.000    4.500   10.000    0.000     -1     -1     -1
 iasi_metop-b         3577  -1    1.150    0.000    6.000   10.000    0.000     -1     -1     -1
 iasi_metop-b         3580  -1    1.580    0.000    6.000   10.000    0.000     -1     -1     -1
 iasi_metop-b         3582  -1    1.180    0.000    4.500   10.000    0.000     -1     -1     -1
 iasi_metop-b         3586  -1    1.820    0.000    6.000   10.000    0.000     -1     -1     -1
 iasi_metop-b         3589  -1    1.130    0.000    6.000   10.000    0.000     -1     -1     -1
 iasi_metop-b         3599  -1    1.830    0.000    6.000   10.000    0.000     -1     -1     -1
 iasi_metop-b         3610  -1    1.910    0.000    6.000   10.000    0.000     -1     -1     -1
 iasi_metop-b         3626  -1    1.260    0.000    6.000   10.000    0.000     -1     -1     -1
 iasi_metop-b         3638  -1    1.270    0.000    5.000   10.000    0.000     -1     -1     -1
 iasi_metop-b         3646  -1    1.910    0.000    6.000   10.000    0.000     -1     -1     -1
 iasi_metop-b         3653  -1    1.450    0.000    6.000   10.000    0.000     -1     -1     -1
 iasi_metop-b         3658  -1    1.600    0.000    6.000   10.000    0.000     -1     -1     -1
 iasi_metop-b         3661  -1    1.290    0.000    5.000   10.000    0.000     -1     -1     -1
 iasi_metop-b         3673  -1    1.940    0.000    6.000   10.000    0.000     -1     -1     -1
 iasi_metop-b         3689  -1    1.940    0.000    6.000   10.000    0.000     -1     -1     -1
 iasi_metop-b         3700  -1    1.230    0.000    5.000   10.000    0.000     -1     -1     -1
 iasi_metop-b         3710  -1    1.950    0.000    6.000   10.000    0.000     -1     -1     -1
 iasi_metop-b         3726  -1    1.210    0.000    5.000   10.000    0.000     -1     -1     -1
 iasi_metop-b         3763  -1    1.940    0.000    6.000   10.000    0.000     -1     -1     -1
 iasi_metop-b         3814  -1    1.860    0.000    6.000   10.000    0.000     -1     -1     -1
 iasi_metop-b         3841  -1    1.900    0.000    6.000   10.000    0.000     -1     -1     -1
 iasi_metop-b         3888  -1    1.330    0.000    5.000   10.000    0.000     -1     -1     -1
 iasi_metop-b         4032  -1    1.750    0.000    6.000   10.000    0.000     -1     -1     -1
 iasi_metop-b         4059  -1    2.020    0.000    6.000   10.000    0.000     -1     -1     -1
 iasi_metop-b         4068  -1    1.980    0.000    6.000   10.000    0.000     -1     -1     -1
 iasi_metop-b         4082  -1    2.030    0.000    6.000   10.000    0.000     -1     -1     -1
 iasi_metop-b         4095  -1    1.830    0.000    6.000   10.000    0.000     -1     -1     -1
 iasi_metop-b         4160  -1    1.500    0.000    6.000   10.000    0.000     -1     -1     -1
 iasi_metop-b         4234  -1    2.040    0.000    6.000   10.000    0.000     -1     -1     -1
 iasi_metop-b         4257  -1    2.020    0.000    6.000   10.000    0.000     -1     -1     -1
 iasi_metop-b         4411  -1    1.900    0.000    6.000   10.000    0.000     -1     -1     -1
 iasi_metop-b         4498  -1    2.000    0.000    6.000   10.000    0.000     -1     -1     -1
 iasi_metop-b         4520  -1    2.020    0.000    6.000   10.000    0.000     -1     -1     -1
 iasi_metop-b         4552  -1    1.950    0.000    6.000   10.000    0.000     -1     -1     -1
 iasi_metop-b         4567  -1    1.930    0.000    6.000   10.000    0.000     -1     -1     -1
 iasi_metop-b         4608  -1    1.950    0.000    6.000   10.000    0.000     -1     -1     -1
 iasi_metop-b         4646  -1    1.950    0.000    6.000   10.000    0.000     -1     -1     -1
 iasi_metop-b         4698  -1    1.990    0.000    6.000   10.000    0.000     -1     -1     -1
 iasi_metop-b         4808  -1    2.000    0.000    6.000   10.000    0.000     -1     -1     -1
 iasi_metop-b         4849  -1    1.940    0.000    6.000   10.000    0.000     -1     -1     -1
 iasi_metop-b         4920  -1    1.960    0.000    6.000   10.000    0.000     -1     -1     -1
 iasi_metop-b         4939  -1    1.860    0.000    6.000   10.000    0.000     -1     -1     -1
 iasi_metop-b         4947  -1    1.920    0.000    6.000   10.000    0.000     -1     -1     -1
 iasi_metop-b         4967  -1    1.880    0.000    6.000   10.000    0.000     -1     -1     -1
 iasi_metop-b         4991  -1    1.860    0.000    6.000   10.000    0.000     -1     -1     -1
 iasi_metop-b         4996  -1    1.840    0.000    6.000   10.000    0.000     -1     -1     -1
 iasi_metop-b         5015  -1    1.870    0.000    6.000   10.000    0.000     -1     -1     -1
 iasi_metop-b         5028  -1    1.770    0.000    6.000   10.000    0.000     -1     -1     -1
 iasi_metop-b         5056  -1    1.890    0.000    6.000   10.000    0.000     -1     -1     -1
 iasi_metop-b         5128  -1    1.890    0.000    6.000   10.000    0.000     -1     -1     -1
 iasi_metop-b         5130  -1    1.880    0.000    6.000   10.000    0.000     -1     -1     -1
 iasi_metop-b         5144  -1    1.940    0.000    6.000   10.000    0.000     -1     -1     -1
 iasi_metop-b         5170  -1    1.820    0.000    6.000   10.000    0.000     -1     -1     -1
 iasi_metop-b         5178  -1    1.790    0.000    6.000   10.000    0.000     -1     -1     -1
 iasi_metop-b         5183  -1    1.860    0.000    6.000   10.000    0.000     -1     -1     -1
 iasi_metop-b         5188  -1    2.060    0.000    6.000   10.000    0.000     -1     -1     -1
 iasi_metop-b         5191  -1    2.330    0.000    6.000   10.000    0.000     -1     -1     -1
 iasi_metop-b         5368  -1    1.880    0.000    6.000   10.000    0.000     -1     -1     -1
 iasi_metop-b         5371  -1    1.860    0.000    6.000   10.000    0.000     -1     -1     -1
 iasi_metop-b         5379  -1    1.810    0.000    6.000   10.000    0.000     -1     -1     -1
 iasi_metop-b         5381   1    1.800    0.000    6.000   10.000    0.000     -1     -1     -1
 iasi_metop-b         5383  -1    1.800    0.000    6.000   10.000    0.000     -1     -1     -1
 iasi_metop-b         5397  -1    1.860    0.000    6.000   10.000    0.000     -1     -1     -1
 iasi_metop-b         5399   1    1.900    0.000    6.000   10.000    0.000     -1     -1     -1
 iasi_metop-b         5401  -1    2.000    0.000    6.000   10.000    0.000     -1     -1     -1
 iasi_metop-b         5403  -1    2.060    0.000    6.000   10.000    0.000     -1     -1     -1
 iasi_metop-b         5405  -1    2.100    0.000    6.000   10.000    0.000     -1     -1     -1
 iasi_metop-b         5446  -1    2.200    0.000    6.000   10.000    0.000     -1     -1     -1
 iasi_metop-b         5455  -1    2.000    0.000    6.000   10.000    0.000     -1     -1     -1
 iasi_metop-b         5472  -1    2.160    0.000    6.000   10.000    0.000     -1     -1     -1
 iasi_metop-b         5480   1    1.980    0.000    6.000   10.000    0.000     -1     -1     -1
 iasi_metop-b         5483  -1    1.800    0.000    6.000   10.000    0.000     -1     -1     -1
 iasi_metop-b         5485  -1    1.800    0.000    6.000   10.000    0.000     -1     -1     -1
 iasi_metop-b         5492  -1    1.850    0.000    6.000   10.000    0.000     -1     -1     -1
 iasi_metop-b         5497  -1    1.750    0.000    6.000   10.000    0.000     -1     -1     -1
 iasi_metop-b         5502  -1    2.040    0.000    6.000   10.000    0.000     -1     -1     -1
 iasi_metop-b         5507  -1    2.190    0.000    6.000   10.000    0.000     -1     -1     -1
 iasi_metop-b         5509  -1    2.140    0.000    6.000   10.000    0.000     -1     -1     -1
 iasi_metop-b         5517  -1    2.190    0.000    6.000   10.000    0.000     -1     -1     -1
 iasi_metop-b         5528  -1    1.860    0.000    6.000   10.000    0.000     -1     -1     -1
 iasi_metop-b         5558  -1    2.100    0.000    6.000   10.000    0.000     -1     -1     -1
 iasi_metop-b         5697  -1    2.110    0.000    6.000   10.000    0.000     -1     -1     -1
 iasi_metop-b         5714  -1    2.180    0.000    6.000   10.000    0.000     -1     -1     -1
 iasi_metop-b         5749  -1    2.030    0.000    6.000   10.000    0.000     -1     -1     -1
 iasi_metop-b         5766  -1    2.280    0.000    6.000   10.000    0.000     -1     -1     -1
 iasi_metop-b         5785  -1    2.190    0.000    6.000   10.000    0.000     -1     -1     -1
 iasi_metop-b         5798  -1    2.260    0.000    6.000   10.000    0.000     -1     -1     -1
 iasi_metop-b         5799  -1    2.260    0.000    6.000   10.000    0.000     -1     -1     -1
 iasi_metop-b         5801  -1    2.210    0.000    6.000   10.000    0.000     -1     -1     -1
 iasi_metop-b         5817  -1    2.210    0.000    6.000   10.000    0.000     -1     -1     -1
 iasi_metop-b         5833  -1    2.260    0.000    6.000   10.000    0.000     -1     -1     -1
 iasi_metop-b         5834  -1    2.330    0.000    6.000   10.000    0.000     -1     -1     -1
 iasi_metop-b         5836  -1    2.270    0.000    6.000   10.000    0.000     -1     -1     -1
 iasi_metop-b         5849  -1    2.210    0.000    6.000   10.000    0.000     -1     -1     -1
 iasi_metop-b         5851  -1    2.120    0.000    6.000   10.000    0.000     -1     -1     -1
 iasi_metop-b         5852  -1    2.230    0.000    6.000   10.000    0.000     -1     -1     -1
 iasi_metop-b         5865  -1    2.260    0.000    6.000   10.000    0.000     -1     -1     -1
 iasi_metop-b         5869  -1    2.250    0.000    6.000   10.000    0.000     -1     -1     -1
 iasi_metop-b         5881  -1    1.880    0.000    6.000   10.000    0.000     -1     -1     -1
 iasi_metop-b         5884  -1    2.260    0.000    6.000   10.000    0.000     -1     -1     -1
 iasi_metop-b         5897  -1    2.240    0.000    6.000   10.000    0.000     -1     -1     -1
 iasi_metop-b         5900  -1    2.360    0.000    6.000   10.000    0.000     -1     -1     -1
 iasi_metop-b         5916  -1    2.290    0.000    6.000   10.000    0.000     -1     -1     -1
 iasi_metop-b         5932  -1    2.350    0.000    6.000   10.000    0.000     -1     -1     -1
 iasi_metop-b         5948  -1    2.300    0.000    6.000   10.000    0.000     -1     -1     -1
 iasi_metop-b         5963  -1    2.270    0.000    6.000   10.000    0.000     -1     -1     -1
 iasi_metop-b         5968  -1    2.080    0.000    6.000   10.000    0.000     -1     -1     -1
 iasi_metop-b         5978  -1    2.050    0.000    6.000   10.000    0.000     -1     -1     -1
 iasi_metop-b         5988  -1    2.270    0.000    6.000   10.000    0.000     -1     -1     -1
 iasi_metop-b         5992  -1    2.280    0.000    6.000   10.000    0.000     -1     -1     -1
 iasi_metop-b         5994  -1    2.270    0.000    6.000   10.000    0.000     -1     -1     -1
 iasi_metop-b         5997  -1    2.280    0.000    6.000   10.000    0.000     -1     -1     -1
 iasi_metop-b         6003  -1    1.970    0.000    6.000   10.000    0.000     -1     -1     -1
 iasi_metop-b         6008  -1    2.250    0.000    6.000   10.000    0.000     -1     -1     -1
 iasi_metop-b         6023  -1    2.250    0.000    6.000   10.000    0.000     -1     -1     -1
 iasi_metop-b         6026  -1    2.250    0.000    6.000   10.000    0.000     -1     -1     -1
 iasi_metop-b         6039  -1    2.310    0.000    6.000   10.000    0.000     -1     -1     -1
 iasi_metop-b         6053  -1    2.280    0.000    6.000   10.000    0.000     -1     -1     -1
 iasi_metop-b         6056  -1    2.270    0.000    6.000   10.000    0.000     -1     -1     -1
 iasi_metop-b         6067  -1    2.130    0.000    6.000   10.000    0.000     -1     -1     -1
 iasi_metop-b         6071  -1    2.240    0.000    6.000   10.000    0.000     -1     -1     -1
 iasi_metop-b         6082  -1    2.280    0.000    6.000   10.000    0.000     -1     -1     -1
 iasi_metop-b         6085  -1    2.280    0.000    6.000   10.000    0.000     -1     -1     -1
 iasi_metop-b         6098  -1    2.410    0.000    6.000   10.000    0.000     -1     -1     -1
 iasi_metop-b         6112  -1    2.340    0.000    6.000   10.000    0.000     -1     -1     -1
 iasi_metop-b         6126  -1    9.320    0.000    6.000   10.000    0.000     -1     -1     -1
 iasi_metop-b         6135  -1    2.280    0.000    6.000   10.000    0.000     -1     -1     -1
 iasi_metop-b         6140  -1    2.380    0.000    6.000   10.000    0.000     -1     -1     -1
 iasi_metop-b         6149  -1    2.270    0.000    6.000   10.000    0.000     -1     -1     -1
 iasi_metop-b         6154  -1    2.270    0.000    6.000   10.000    0.000     -1     -1     -1
 iasi_metop-b         6158  -1    2.390    0.000    6.000   10.000    0.000     -1     -1     -1
 iasi_metop-b         6161  -1    2.110    0.000    6.000   10.000    0.000     -1     -1     -1
 iasi_metop-b         6168  -1    2.090    0.000    6.000   10.000    0.000     -1     -1     -1
 iasi_metop-b         6174  -1    2.100    0.000    6.000   10.000    0.000     -1     -1     -1
 iasi_metop-b         6182  -1    2.060    0.000    6.000   10.000    0.000     -1     -1     -1
 iasi_metop-b         6187  -1    2.120    0.000    6.000   10.000    0.000     -1     -1     -1
 iasi_metop-b         6205  -1    2.080    0.000    6.000   10.000    0.000     -1     -1     -1
 iasi_metop-b         6209  -1    2.000    0.000    6.000   10.000    0.000     -1     -1     -1
 iasi_metop-b         6213  -1    1.930    0.000    6.000   10.000    0.000     -1     -1     -1
 iasi_metop-b         6317  -1    2.020    0.000    6.000   10.000    0.000     -1     -1     -1
 iasi_metop-b         6339  -1    2.550    0.000    6.000   10.000    0.000     -1     -1     -1
 iasi_metop-b         6342  -1    1.540    0.000    6.000   10.000    0.000     -1     -1     -1
 iasi_metop-b         6366  -1    1.640    0.000    6.000   10.000    0.000     -1     -1     -1
 iasi_metop-b         6381  -1    1.510    0.000    6.000   10.000    0.000     -1     -1     -1
 iasi_metop-b         6391  -1    1.550    0.000    6.000   10.000    0.000     -1     -1     -1
 iasi_metop-b         6489  -1    2.820    0.000    6.000   10.000    0.000     -1     -1     -1
 iasi_metop-b         6962  -1    2.920    0.000    6.000   10.000    0.000     -1     -1     -1
 iasi_metop-b         6966  -1    2.550    0.000    6.000   10.000    0.000     -1     -1     -1
 iasi_metop-b         6970  -1    2.370    0.000    6.000   10.000    0.000     -1     -1     -1
 iasi_metop-b         6975  -1    1.850    0.000    6.000   10.000    0.000     -1     -1     -1
 iasi_metop-b         6977  -1    1.600    0.000    6.000   10.000    0.000     -1     -1     -1
 iasi_metop-b         6982  -1    1.720    0.000    6.000   10.000    0.000     -1     -1     -1
 iasi_metop-b         6985  -1    1.740    0.000    6.000   10.000    0.000     -1     -1     -1
 iasi_metop-b         6987  -1    1.790    0.000    6.000   10.000    0.000     -1     -1     -1
 iasi_metop-b         6989  -1    1.900    0.000    6.000   10.000    0.000     -1     -1     -1
 iasi_metop-b         6991  -1    1.940    0.000    6.000   10.000    0.000     -1     -1     -1
 iasi_metop-b         6993  -1    2.000    0.000    6.000   10.000    0.000     -1     -1     -1
 iasi_metop-b         6995  -1    2.040    0.000    6.000   10.000    0.000     -1     -1     -1
 iasi_metop-b         6997  -1    2.080    0.000    6.000   10.000    0.000     -1     -1     -1
 iasi_metop-b         6999  -1    2.120    0.000    6.000   10.000    0.000     -1     -1     -1
 iasi_metop-b         7000  -1    2.130    0.000    6.000   10.000    0.000     -1     -1     -1
 iasi_metop-b         7004  -1    2.160    0.000    6.000   10.000    0.000     -1     -1     -1
 iasi_metop-b         7008  -1    2.180    0.000    6.000   10.000    0.000     -1     -1     -1
 iasi_metop-b         7013  -1    2.180    0.000    6.000   10.000    0.000     -1     -1     -1
 iasi_metop-b         7016  -1    2.200    0.000    6.000   10.000    0.000     -1     -1     -1
 iasi_metop-b         7021  -1    2.200    0.000    6.000   10.000    0.000     -1     -1     -1
 iasi_metop-b         7024  -1    2.410    0.000    6.000   10.000    0.000     -1     -1     -1
 iasi_metop-b         7027  -1    2.390    0.000    6.000   10.000    0.000     -1     -1     -1
 iasi_metop-b         7029  -1    2.380    0.000    6.000   10.000    0.000     -1     -1     -1
 iasi_metop-b         7032  -1    2.400    0.000    6.000   10.000    0.000     -1     -1     -1
 iasi_metop-b         7038  -1    2.420    0.000    6.000   10.000    0.000     -1     -1     -1
 iasi_metop-b         7043  -1    2.410    0.000    6.000   10.000    0.000     -1     -1     -1
 iasi_metop-b         7046  -1    2.430    0.000    6.000   10.000    0.000     -1     -1     -1
 iasi_metop-b         7049  -1    2.450    0.000    6.000   10.000    0.000     -1     -1     -1
 iasi_metop-b         7069  -1    2.430    0.000    6.000   10.000    0.000     -1     -1     -1
 iasi_metop-b         7072  -1    2.450    0.000    6.000   10.000    0.000     -1     -1     -1
 iasi_metop-b         7076  -1    2.430    0.000    6.000   10.000    0.000     -1     -1     -1
 iasi_metop-b         7081  -1    2.400    0.000    6.000   10.000    0.000     -1     -1     -1
 iasi_metop-b         7084  -1    2.440    0.000    6.000   10.000    0.000     -1     -1     -1
 iasi_metop-b         7089  -1    2.400    0.000    6.000   10.000    0.000     -1     -1     -1
 iasi_metop-b         7099  -1    2.420    0.000    6.000   10.000    0.000     -1     -1     -1
 iasi_metop-b         7209  -1    2.430    0.000    6.000   10.000    0.000     -1     -1     -1
 iasi_metop-b         7222  -1    2.450    0.000    6.000   10.000    0.000     -1     -1     -1
 iasi_metop-b         7231  -1    2.450    0.000    6.000   10.000    0.000     -1     -1     -1
 iasi_metop-b         7235  -1    2.450    0.000    6.000   10.000    0.000     -1     -1     -1
 iasi_metop-b         7247  -1    2.460    0.000    6.000   10.000    0.000     -1     -1     -1
 iasi_metop-b         7267  -1    2.450    0.000    6.000   10.000    0.000     -1     -1     -1
 iasi_metop-b         7269  -1    2.450    0.000    6.000   10.000    0.000     -1     -1     -1
 iasi_metop-b         7284  -1    2.430    0.000    6.000   10.000    0.000     -1     -1     -1
 iasi_metop-b         7389  -1    2.510    0.000    6.000   10.000    0.000     -1     -1     -1
 iasi_metop-b         7419  -1    2.480    0.000    6.000   10.000    0.000     -1     -1     -1
 iasi_metop-b         7423  -1    2.480    0.000    6.000   10.000    0.000     -1     -1     -1
 iasi_metop-b         7424  -1    2.530    0.000    6.000   10.000    0.000     -1     -1     -1
 iasi_metop-b         7426  -1    2.460    0.000    6.000   10.000    0.000     -1     -1     -1
 iasi_metop-b         7428  -1    2.490    0.000    6.000   10.000    0.000     -1     -1     -1
 iasi_metop-b         7431  -1    2.500    0.000    6.000   10.000    0.000     -1     -1     -1
 iasi_metop-b         7436  -1    2.500    0.000    6.000   10.000    0.000     -1     -1     -1
 iasi_metop-b         7444  -1    2.500    0.000    6.000   10.000    0.000     -1     -1     -1
 iasi_metop-b         7475  -1    2.520    0.000    6.000   10.000    0.000     -1     -1     -1
 iasi_metop-b         7549  -1    2.520    0.000    6.000   10.000    0.000     -1     -1     -1
 iasi_metop-b         7584  -1    2.540    0.000    6.000   10.000    0.000     -1     -1     -1
 iasi_metop-b         7665  -1    2.500    0.000    6.000   10.000    0.000     -1     -1     -1
 iasi_metop-b         7666  -1    2.480    0.000    6.000   10.000    0.000     -1     -1     -1
 iasi_metop-b         7831  -1    2.500    0.000    6.000   10.000    0.000     -1     -1     -1
 iasi_metop-b         7836  -1    2.550    0.000    6.000   10.000    0.000     -1     -1     -1
 iasi_metop-b         7853  -1    2.500    0.000    6.000   10.000    0.000     -1     -1     -1
 iasi_metop-b         7865  -1    2.480    0.000    6.000   10.000    0.000     -1     -1     -1
 iasi_metop-b         7885  -1    2.500    0.000    6.000   10.000    0.000     -1     -1     -1
 iasi_metop-b         7888  -1    2.500    0.000    6.000   10.000    0.000     -1     -1     -1
 iasi_metop-b         7912  -1    2.520    0.000    6.000   10.000    0.000     -1     -1     -1
 iasi_metop-b         7950  -1    2.520    0.000    6.000   10.000    0.000     -1     -1     -1
 iasi_metop-b         7972  -1    2.480    0.000    6.000   10.000    0.000     -1     -1     -1
 iasi_metop-b         7980  -1    2.500    0.000    6.000   10.000    0.000     -1     -1     -1
 iasi_metop-b         7995  -1    2.500    0.000    6.000   10.000    0.000     -1     -1     -1
 iasi_metop-b         8007  -1    2.520    0.000    6.000   10.000    0.000     -1     -1     -1
 iasi_metop-b         8015  -1    2.460    0.000    6.000   10.000    0.000     -1     -1     -1
 iasi_metop-b         8055  -1    2.530    0.000    6.000   10.000    0.000     -1     -1     -1
 iasi_metop-b         8078  -1    9.000    0.000    6.000   10.000    0.000     -1     -1     -1
 abi_g16                 7  -1    1.400    0.000    2.500   10.000    0.000     -2     -1     -1
 abi_g16                 8   1    3.000    0.000    4.000   10.000    0.000     -2     -1     -1
 abi_g16                 9  -1    2.500    0.000    4.000   10.000    0.000     -2     -1     -1
 abi_g16                10   1    2.200    0.000    3.500   10.000    0.000     -2     -1     -1
 abi_g16                11  -1    2.000    0.000    2.500   10.000    0.000     -2     -1     -1
 abi_g16                12  -1    2.000    0.000    2.500   10.000    0.000     -2     -1     -1
 abi_g16                13  -1    2.000    0.000    2.500   10.000    0.000     -2     -1     -1
 abi_g16                14  -1    2.000    0.000    2.500   10.000    0.000     -2     -1     -1
 abi_g16                15  -1    2.000    0.000    2.500   10.000    0.000     -2     -1     -1
 abi_g16                16  -1    2.000    0.000    2.500   10.000    0.000     -2     -1     -1
 abi_g17                 7  -1    1.400    0.000    2.500   10.000    0.000     -2     -1     -1
 abi_g17                 8  -1    3.000    0.000    4.000   10.000    0.000     -2     -1     -1
 abi_g17                 9  -1    2.500    0.000    4.000   10.000    0.000     -2     -1     -1
 abi_g17                10  -1    2.200    0.000    3.500   10.000    0.000     -2     -1     -1
 abi_g17                11  -1    2.000    0.000    2.500   10.000    0.000     -2     -1     -1
 abi_g17                12  -1    2.000    0.000    2.500   10.000    0.000     -2     -1     -1
 abi_g17                13  -1    2.000    0.000    2.500   10.000    0.000     -2     -1     -1
 abi_g17                14  -1    2.000    0.000    2.500   10.000    0.000     -2     -1     -1
 abi_g17                15  -1    2.000    0.000    2.500   10.000    0.000     -2     -1     -1
 abi_g17                16  -1    2.000    0.000    2.500   10.000    0.000     -2     -1     -1
 abi_g18                 7  -1    1.400    0.000    2.500   10.000    0.000     -2     -1     -1
 abi_g18                 8   1    3.000    0.000    4.000   10.000    0.000     -2     -1     -1
 abi_g18                 9   1    2.500    0.000    4.000   10.000    0.000     -2     -1     -1
 abi_g18                10   1    2.200    0.000    3.500   10.000    0.000     -2     -1     -1
 abi_g18                11  -1    2.000    0.000    2.500   10.000    0.000     -2     -1     -1
 abi_g18                12  -1    2.000    0.000    2.500   10.000    0.000     -2     -1     -1
 abi_g18                13  -1    2.000    0.000    2.500   10.000    0.000     -2     -1     -1
 abi_g18                14  -1    2.000    0.000    2.500   10.000    0.000     -2     -1     -1
 abi_g18                15  -1    2.000    0.000    2.500   10.000    0.000     -2     -1     -1
 abi_g18                16  -1    2.000    0.000    2.500   10.000    0.000     -2     -1     -1
 ssmis_f17               1   1    1.500    0.000    6.000   10.000    0.000     -2     -1     -1
 ssmis_f17               2  -1    0.500    0.000    6.000   10.000    0.000     -2     -1     -1
 ssmis_f17               3  -1    0.500    0.000    6.000   10.000    0.000     -2     -1     -1
 ssmis_f17               4  -1    0.500    0.000    6.000   10.000    0.000     -2     -1     -1
 ssmis_f17               5   1    0.500    0.000    6.000   10.000    0.000     -2     -1     -1
 ssmis_f17               6   1    1.000    0.000    6.000   10.000    0.000     -2     -1     -1
 ssmis_f17               7   1    1.000    0.000    6.000   10.000    0.000     -2     -1     -1
 ssmis_f17               8  -1    3.000    0.000    6.000   10.000    0.000     -2     -1     -1
 ssmis_f17               9  -1    3.000    0.000    6.000   10.000    0.000     -2     -1     -1
 ssmis_f17              10  -1    3.000    0.000    6.000   10.000    0.000     -2     -1     -1
 ssmis_f17              11  -1    3.000    0.000    6.000   10.000    0.000     -2     -1     -1
 ssmis_f17              12  -1    2.400    0.000    6.000   10.000    0.000     -2     -1     -1
 ssmis_f17              13  -1    1.270    0.000    6.000   10.000    0.000     -2     -1     -1
 ssmis_f17              14  -1    1.440    0.000    6.000   10.000    0.000     -2     -1     -1
 ssmis_f17              15  -1    3.000    0.000    6.000   10.000    0.000     -2     -1     -1
 ssmis_f17              16  -1    1.340    0.000    6.000   10.000    0.000     -2     -1     -1
 ssmis_f17              17  -1    1.740    0.000    6.000   10.000    0.000     -2     -1     -1
 ssmis_f17              18  -1    3.750    0.000    6.000   10.000    0.000     -2     -1     -1
 ssmis_f17              19  -1    3.000    0.000    6.000   10.000    0.000     -2     -1     -1
 ssmis_f17              20  -1    3.000    0.000    6.000   10.000    0.000     -2     -1     -1
 ssmis_f17              21  -1    2.000    0.000    6.000   10.000    0.000     -2     -1     -1
 ssmis_f17              22  -1    6.400    0.000    6.000   10.000    0.000     -2     -1     -1
 ssmis_f17              23  -1    1.000    0.000    6.000   10.000    0.000     -2     -1     -1
 ssmis_f17              24   1    1.000    0.000    6.000   10.000    0.000     -2     -1     -1
 ssmis_f18               1  -1    1.500    0.000    6.000   10.000    0.000     -2     -1     -1
 ssmis_f18               2  -1    0.500    0.000    6.000   10.000    0.000     -2     -1     -1
 ssmis_f18               3  -1    0.500    0.000    6.000   10.000    0.000     -2     -1     -1
 ssmis_f18               4  -1    0.500    0.000    6.000   10.000    0.000     -2     -1     -1
 ssmis_f18               5  -1    0.500    0.000    6.000   10.000    0.000     -2     -1     -1
 ssmis_f18               6  -1    1.000    0.000    6.000   10.000    0.000     -2     -1     -1
 ssmis_f18               7  -1    1.000    0.000    6.000   10.000    0.000     -2     -1     -1
 ssmis_f18               8  -1    3.000    0.000    6.000   10.000    0.000     -2     -1     -1
 ssmis_f18               9  -1    3.000    0.000    6.000   10.000    0.000     -2     -1     -1
 ssmis_f18              10  -1    3.000    0.000    6.000   10.000    0.000     -2     -1     -1
 ssmis_f18              11  -1    3.000    0.000    6.000   10.000    0.000     -2     -1     -1
 ssmis_f18              12  -1    2.400    0.000    6.000   10.000    0.000     -2     -1     -1
 ssmis_f18              13  -1    1.270    0.000    6.000   10.000    0.000     -2     -1     -1
 ssmis_f18              14  -1    1.440    0.000    6.000   10.000    0.000     -2     -1     -1
 ssmis_f18              15  -1    3.000    0.000    6.000   10.000    0.000     -2     -1     -1
 ssmis_f18              16  -1    1.340    0.000    6.000   10.000    0.000     -2     -1     -1
 ssmis_f18              17  -1    1.740    0.000    6.000   10.000    0.000     -2     -1     -1
 ssmis_f18              18  -1    3.750    0.000    6.000   10.000    0.000     -2     -1     -1
 ssmis_f18              19  -1    3.000    0.000    6.000   10.000    0.000     -2     -1     -1
 ssmis_f18              20  -1    3.000    0.000    6.000   10.000    0.000     -2     -1     -1
 ssmis_f18              21  -1    2.000    0.000    6.000   10.000    0.000     -2     -1     -1
 ssmis_f18              22  -1    6.400    0.000    6.000   10.000    0.000     -2     -1     -1
 ssmis_f18              23  -1    1.000    0.000    6.000   10.000    0.000     -2     -1     -1
 ssmis_f18              24  -1    1.000    0.000    6.000   10.000    0.000     -2     -1     -1
